
 
 List of mapped features 
 [5, 10, 15, 20, 25, 30]
 
 F1 for across trials and perm 
 X1_train 
[[0.91111111 1.         1.         0.91111111 1.         0.77777778
  1.         1.         0.88888889 1.         0.95555556 0.95555556
  0.95555556 0.91111111 0.91111111]
 [1.         1.         1.         1.         0.9        0.95
  0.95       0.95       0.95       0.95       1.         1.
  1.         1.         1.0]
 [1.         1.         1.         1.         1.         0.94285714
  0.94285714 1.         0.94285714 1.         1.         1.
  1.         1.         1.0]
 [1.         0.93333333 1.         1.         1.         1.
  1.         1.         1.         1.         1.         1.
  1.         1.         1.0]
 [1.         1.         1.         1.         1.         1.
  1.         1.         1.         1.         1.         1.
  1.         1.         1.0]
 [1.         1.         1.         1.         1.         1.
  1.         1.         1.         1.         1.         1.
  1.         1.         1.]]
 X2_train 
[[0.         0.06666667 0.02222222 0.         0.08888889 0.04444444
  0.02222222 0.06666667 0.         0.08888889 0.04444444 0.02222222
  0.04444444 0.11111111 0.02222222]
 [0.1        0.05       0.05       0.         0.05       0.075
  0.1        0.         0.1        0.025      0.025      0.075
  0.025      0.075      0.10]
 [0.05714286 0.         0.11428571 0.08571429 0.02857143 0.05714286
  0.02857143 0.         0.02857143 0.05714286 0.05714286 0.
  0.14285714 0.         0.14285714]
 [0.06666667 0.         0.1        0.06666667 0.13333333 0.03333333
  0.03333333 0.06666667 0.06666667 0.06666667 0.06666667 0.06666667
  0.16666667 0.1        0.16666667]
 [0.24       0.         0.2        0.08       0.12       0.2
  0.08       0.08       0.08       0.         0.08       0.2
  0.08       0.04       0.08]
 [0.05       0.1        0.05       0.05       0.2        0.1
  0.         0.         0.05       0.1        0.         0.1
  0.         0.05       0.1]]
 X1_train_sim_Cor 
[[0.84444444 0.84444444 0.84444444 0.84444444 0.84444444 0.86666667
  0.86666667 0.86666667 0.86666667 0.86666667 0.73333333 0.73333333
  0.73333333 0.73333333 0.73333333]
 [1.         1.         1.         1.         1.         1.
  1.         1.         1.         1.         1.         1.
  1.         1.         1.0]
 [1.         1.         1.         1.         1.         1.
  1.         1.         1.         1.         1.         1.
  1.         1.         1.0]
 [1.         1.         1.         1.         1.         1.
  1.         1.         1.         1.         1.         1.
  1.         1.         1.0]
 [1.         1.         1.         1.         1.         1.
  1.         1.         1.         1.         1.         1.
  1.         1.         1.0]
 [1.         1.         1.         1.         1.         1.
  1.         1.         1.         1.         1.         1.
  1.         1.         1.]]
 X2_train_sim_Cor 
[[0.02222222 0.04444444 0.02222222 0.         0.08888889 0.02222222
  0.         0.08888889 0.         0.06666667 0.06666667 0.02222222
  0.02222222 0.11111111 0.02222222]
 [0.1        0.05       0.05       0.         0.05       0.075
  0.1        0.         0.1        0.025      0.025      0.075
  0.025      0.075      0.10]
 [0.05714286 0.         0.11428571 0.08571429 0.02857143 0.05714286
  0.02857143 0.         0.02857143 0.05714286 0.05714286 0.
  0.14285714 0.         0.14285714]
 [0.06666667 0.         0.1        0.06666667 0.13333333 0.03333333
  0.03333333 0.06666667 0.06666667 0.06666667 0.06666667 0.06666667
  0.16666667 0.1        0.16666667]
 [0.24       0.         0.2        0.08       0.12       0.2
  0.08       0.08       0.08       0.         0.08       0.2
  0.08       0.04       0.08]
 [0.05       0.1        0.05       0.05       0.25       0.1
  0.         0.         0.05       0.1        0.         0.1
  0.         0.05       0.1]]
 X1_train_CL 
[[0.13333333 0.35555556 0.26666667 0.26666667 0.35555556 0.48888889
  0.15555556 0.28888889 0.42222222 0.33333333 0.4        0.33333333
  0.2        0.13333333 0.35555556]
 [0.95       0.55       0.775      0.8        0.95       0.675
  0.65       0.35       0.4        0.5        0.675      0.825
  0.675      0.6        0.80]
 [0.94285714 0.82857143 0.88571429 0.85714286 0.77142857 0.88571429
  0.74285714 0.94285714 0.85714286 0.88571429 0.82857143 0.65714286
  0.85714286 0.74285714 0.74285714]
 [0.93333333 1.         0.73333333 1.         0.86666667 0.93333333
  1.         0.93333333 1.         0.83333333 0.93333333 1.
  1.         1.         0.80]
 [1.         1.         0.88       1.         0.92       1.
  0.84       0.92       0.92       0.72       1.         1.
  1.         1.         1.0]
 [1.         1.         0.9        0.9        1.         1.
  1.         1.         1.         1.         1.         1.
  1.         1.         1.]]
 X2_train_CL 
[[0.02222222 0.04444444 0.02222222 0.02222222 0.08888889 0.02222222
  0.02222222 0.02222222 0.04444444 0.02222222 0.06666667 0.06666667
  0.         0.04444444 0.06666667]
 [0.075      0.05       0.05       0.         0.05       0.075
  0.125      0.         0.05       0.05       0.025      0.025
  0.05       0.05       0.075]
 [0.05714286 0.         0.14285714 0.08571429 0.         0.02857143
  0.         0.         0.05714286 0.05714286 0.02857143 0.
  0.11428571 0.         0.08571429]
 [0.06666667 0.         0.06666667 0.06666667 0.13333333 0.03333333
  0.03333333 0.06666667 0.06666667 0.1        0.06666667 0.06666667
  0.16666667 0.1        0.13333333]
 [0.24       0.         0.2        0.08       0.12       0.2
  0.12       0.08       0.08       0.         0.08       0.2
  0.08       0.04       0.08]
 [0.05       0.1        0.05       0.05       0.25       0.1
  0.         0.         0.05       0.1        0.         0.1
  0.         0.05       0.1]]
 X1_train_CL_Dec 
[[0.57777778 0.6        0.86666667 0.93333333 0.73333333 0.95555556
  0.8        0.77777778 0.91111111 0.8        0.84444444 0.91111111
  1.         0.82222222 0.42222222]
 [0.95       0.9        0.95       1.         1.         0.925
  0.95       0.875      1.         0.775      0.9        0.95
  0.9        1.         1.0]
 [1.         1.         1.         0.94285714 1.         1.
  1.         1.         0.94285714 1.         1.         0.94285714
  1.         1.         1.0]
 [1.         1.         1.         1.         1.         1.
  1.         1.         1.         0.93333333 1.         1.
  1.         1.         1.0]
 [1.         1.         1.         1.         1.         1.
  1.         1.         1.         1.         1.         1.
  1.         1.         1.0]
 [1.         1.         1.         1.         1.         1.
  1.         1.         1.         1.         1.         1.
  1.         1.         1.]]
 X2_train_CL_Dec 
[[0.04444444 0.04444444 0.04444444 0.         0.06666667 0.04444444
  0.04444444 0.06666667 0.         0.04444444 0.02222222 0.02222222
  0.04444444 0.08888889 0.0]
 [0.1        0.025      0.05       0.         0.05       0.075
  0.075      0.         0.1        0.         0.025      0.05
  0.025      0.075      0.10]
 [0.05714286 0.         0.11428571 0.08571429 0.02857143 0.05714286
  0.02857143 0.         0.02857143 0.05714286 0.05714286 0.
  0.14285714 0.         0.14285714]
 [0.06666667 0.         0.1        0.06666667 0.13333333 0.03333333
  0.03333333 0.06666667 0.06666667 0.06666667 0.06666667 0.06666667
  0.16666667 0.1        0.16666667]
 [0.24       0.         0.2        0.08       0.12       0.2
  0.08       0.08       0.08       0.         0.08       0.2
  0.08       0.04       0.08]
 [0.05       0.1        0.05       0.05       0.25       0.1
  0.         0.         0.05       0.1        0.         0.1
  0.         0.05       0.1]]
 X1_train_CL_Dec_KMFl 
[[0.84444444 0.95555556 1.         1.         0.95555556 0.95555556
  0.95555556 0.86666667 1.         0.95555556 0.8        1.
  0.88888889 0.95555556 0.82222222]
 [1.         1.         1.         1.         1.         1.
  0.95       0.95       1.         0.95       1.         1.
  1.         1.         1.0]
 [1.         1.         1.         1.         1.         1.
  1.         1.         1.         1.         1.         1.
  1.         1.         1.0]
 [1.         1.         1.         1.         1.         1.
  1.         1.         1.         1.         1.         1.
  1.         1.         1.0]
 [1.         1.         1.         1.         1.         1.
  1.         1.         1.         1.         1.         1.
  1.         1.         1.0]
 [1.         1.         1.         1.         1.         1.
  1.         1.         1.         1.         1.         1.
  1.         1.         1.]]
 X2_train_CL_Dec_KMFl 
[[0.04444444 0.06666667 0.02222222 0.         0.11111111 0.02222222
  0.02222222 0.04444444 0.         0.06666667 0.04444444 0.02222222
  0.02222222 0.11111111 0.02222222]
 [0.1        0.05       0.05       0.         0.05       0.075
  0.125      0.         0.1        0.025      0.025      0.075
  0.025      0.075      0.10]
 [0.05714286 0.         0.11428571 0.08571429 0.02857143 0.05714286
  0.02857143 0.         0.02857143 0.05714286 0.05714286 0.
  0.14285714 0.         0.14285714]
 [0.06666667 0.         0.1        0.06666667 0.13333333 0.03333333
  0.03333333 0.06666667 0.06666667 0.06666667 0.06666667 0.06666667
  0.16666667 0.1        0.16666667]
 [0.24       0.         0.2        0.08       0.12       0.2
  0.08       0.08       0.08       0.         0.08       0.2
  0.08       0.04       0.08]
 [0.05       0.1        0.05       0.05       0.25       0.1
  0.         0.         0.05       0.1        0.         0.1
  0.         0.05       0.1]]
 X1_train_CL_Dec_KMFen 
[[0.91111111 0.95555556 0.95555556 0.95555556 0.95555556 0.95555556
  0.88888889 0.88888889 0.91111111 0.91111111 0.8        0.84444444
  0.82222222 0.8        0.80]
 [1.         1.         1.         1.         1.         0.95
  0.9        0.95       1.         0.95       0.95       0.95
  0.9        0.95       0.95]
 [1.         1.         1.         1.         0.94285714 1.
  1.         1.         1.         1.         1.         1.
  1.         1.         1.0]
 [1.         1.         1.         1.         1.         1.
  1.         1.         1.         1.         1.         1.
  1.         1.         1.0]
 [1.         1.         1.         1.         1.         1.
  1.         1.         1.         1.         1.         1.
  1.         1.         1.0]
 [1.         1.         1.         1.         1.         1.
  1.         1.         1.         1.         1.         1.
  1.         1.         1.]]
 X2_train_CL_Dec_KMFen 
[[0.02222222 0.06666667 0.02222222 0.         0.08888889 0.02222222
  0.02222222 0.04444444 0.         0.06666667 0.06666667 0.04444444
  0.02222222 0.11111111 0.02222222]
 [0.1        0.05       0.05       0.         0.05       0.075
  0.125      0.         0.1        0.025      0.025      0.075
  0.025      0.075      0.10]
 [0.05714286 0.         0.11428571 0.08571429 0.02857143 0.05714286
  0.02857143 0.         0.02857143 0.05714286 0.05714286 0.
  0.14285714 0.         0.14285714]
 [0.06666667 0.         0.1        0.06666667 0.13333333 0.03333333
  0.03333333 0.06666667 0.06666667 0.06666667 0.06666667 0.06666667
  0.16666667 0.1        0.16666667]
 [0.24       0.         0.2        0.08       0.12       0.2
  0.08       0.08       0.08       0.         0.08       0.2
  0.08       0.04       0.08]
 [0.05       0.1        0.05       0.05       0.25       0.1
  0.         0.         0.05       0.1        0.         0.1
  0.         0.05       0.1]]
 X1_train_KANG 
[[0.08888889 0.2        0.2        0.17777778 0.06666667 0.06666667
  0.06666667 0.4        0.22222222 0.04444444 0.13333333 0.13333333
  0.24444444 0.2        0.11111111]
 [0.375      0.375      0.575      0.25       0.525      0.475
  0.15       0.25       0.3        0.25       0.5        0.4
  0.6        0.55       0.425]
 [0.6        0.74285714 0.6        0.42857143 0.74285714 0.57142857
  0.48571429 0.8        0.4        0.68571429 0.51428571 0.77142857
  0.77142857 0.8        0.82857143]
 [0.83333333 0.9        0.93333333 0.8        0.93333333 0.83333333
  0.76666667 0.86666667 0.8        0.76666667 0.73333333 0.83333333
  0.8        0.73333333 0.73333333]
 [0.92       0.92       1.         0.92       0.76       0.76
  1.         0.92       1.         0.92       0.92       0.92
  0.92       1.         1.0]
 [1.         1.         1.         1.         1.         0.9
  1.         1.         1.         1.         1.         1.
  1.         0.9        1.]]
 X1_train_RG 
[[0.05 0.05 0.05 0.05 0.05 0.05 0.05 0.05 0.05 0.05 0.05 0.05 0.05 0.05
  0.05]
 [0.   0.   0.   0.   0.   0.   0.   0.   0.   0.   0.   0.   0.   0.
  0.]
 [0.05 0.05 0.05 0.05 0.05 0.05 0.05 0.05 0.05 0.05 0.05 0.05 0.05 0.05
  0.05]
 [0.1  0.1  0.1  0.1  0.1  0.1  0.1  0.1  0.1  0.1  0.1  0.1  0.1  0.1
  0.1]
 [0.   0.   0.   0.   0.   0.   0.   0.   0.   0.   0.   0.   0.   0.
  0.]
 [0.   0.   0.   0.   0.   0.   0.   0.   0.   0.   0.   0.   0.   0.
  0.0]]
 X2_train_RG 
[[0.1  0.1  0.1  0.1  0.1  0.1  0.1  0.1  0.1  0.1  0.1  0.1  0.1  0.1
  0.1]
 [0.05 0.05 0.05 0.05 0.05 0.05 0.05 0.05 0.05 0.05 0.05 0.05 0.05 0.05
  0.05]
 [0.05 0.05 0.05 0.05 0.05 0.05 0.05 0.05 0.05 0.05 0.05 0.05 0.05 0.05
  0.05]
 [0.   0.   0.   0.   0.   0.   0.   0.   0.   0.   0.   0.   0.   0.
  0.]
 [0.05 0.05 0.05 0.05 0.05 0.05 0.05 0.05 0.05 0.05 0.05 0.05 0.05 0.05
  0.05]
 [0.   0.   0.   0.   0.   0.   0.   0.   0.   0.   0.   0.   0.   0.
  0.0]]
 
 
