
 
 List of mapped features 
 [2, 3, 5, 8, 10, 12]
 
 F1 for across trials and perm 
 X1_train 
[[0.01265823 0.05063291 0.05063291 0.02531646 0.01265823 0.07594937
  0.12658228 0.12658228 0.06329114 0.02531646 0.12658228 0.08860759
  0.06329114 0.06329114 0.06329114]
 [0.24358974 0.17948718 0.1025641  0.14102564 0.14102564 0.17948718
  0.15384615 0.23076923 0.23076923 0.29487179 0.01282051 0.05128205
  0.         0.02564103 0.08974359]
 [0.42105263 0.11842105 0.40789474 0.09210526 0.44736842 0.11842105
  0.48684211 0.56578947 0.51315789 0.13157895 0.13157895 0.38157895
  0.13157895 0.48684211 0.47368421]
 [0.32876712 0.15068493 0.4109589  0.38356164 0.49315068 0.46575342
  0.60273973 0.61643836 0.56164384 0.49315068 0.17808219 0.24657534
  0.28767123 0.26027397 0.49315068]
 [0.63380282 0.54929577 0.57746479 0.54929577 0.09859155 0.49295775
  0.50704225 0.57746479 0.53521127 0.46478873 0.32394366 0.42253521
  0.36619718 0.38028169 0.29577465]
 [0.50724638 0.55072464 0.15942029 0.52173913 0.50724638 0.52173913
  0.49275362 0.46376812 0.5942029  0.56521739 0.62318841 0.60869565
  0.50724638 0.60869565 0.52173913]]
 X2_train 
[[0.         0.01265823 0.         0.         0.         0.02531646
  0.         0.         0.         0.01265823 0.02531646 0.
  0.         0.01265823 0.03797468]
 [0.01282051 0.05128205 0.01282051 0.01282051 0.         0.02564103
  0.01282051 0.02564103 0.01282051 0.         0.         0.02564103
  0.         0.01282051 0.]
 [0.         0.         0.01315789 0.02631579 0.         0.
  0.01315789 0.01315789 0.02631579 0.         0.05263158 0.02631579
  0.01315789 0.03947368 0.01315789]
 [0.01369863 0.01369863 0.05479452 0.04109589 0.         0.02739726
  0.01369863 0.04109589 0.         0.05479452 0.02739726 0.05479452
  0.02739726 0.04109589 0.02739726]
 [0.         0.02816901 0.01408451 0.01408451 0.02816901 0.01408451
  0.02816901 0.05633803 0.04225352 0.04225352 0.04225352 0.04225352
  0.04225352 0.01408451 0.02816901]
 [0.05797101 0.02898551 0.04347826 0.02898551 0.01449275 0.
  0.04347826 0.01449275 0.01449275 0.02898551 0.         0.01449275
  0.         0.01449275 0.04347826]]
 X1_train_sim_Cor 
[[0.07594937 0.07594937 0.07594937 0.07594937 0.07594937 0.10126582
  0.10126582 0.10126582 0.10126582 0.10126582 0.20253165 0.20253165
  0.20253165 0.20253165 0.20253165]
 [0.48717949 0.48717949 0.48717949 0.48717949 0.48717949 0.3974359
  0.3974359  0.3974359  0.3974359  0.3974359  0.41025641 0.41025641
  0.41025641 0.41025641 0.41025641]
 [0.75       0.75       0.75       0.75       0.75       0.72368421
  0.72368421 0.72368421 0.72368421 0.72368421 0.40789474 0.40789474
  0.40789474 0.40789474 0.40789474]
 [0.84931507 0.84931507 0.84931507 0.84931507 0.84931507 0.89041096
  0.89041096 0.89041096 0.89041096 0.89041096 0.7260274  0.7260274
  0.7260274  0.7260274  0.7260274]
 [0.78873239 0.78873239 0.78873239 0.78873239 0.78873239 0.77464789
  0.77464789 0.77464789 0.77464789 0.77464789 0.73239437 0.73239437
  0.73239437 0.73239437 0.73239437]
 [0.73913043 0.73913043 0.73913043 0.73913043 0.73913043 0.95652174
  0.95652174 0.95652174 0.95652174 0.95652174 0.82608696 0.82608696
  0.82608696 0.82608696 0.82608696]]
 X2_train_sim_Cor 
[[0.01265823 0.01265823 0.01265823 0.01265823 0.01265823 0.03797468
  0.02531646 0.02531646 0.         0.         0.02531646 0.01265823
  0.05063291 0.02531646 0.01265823]
 [0.         0.01282051 0.         0.03846154 0.01282051 0.03846154
  0.         0.05128205 0.02564103 0.01282051 0.         0.01282051
  0.         0.01282051 0.01282051]
 [0.         0.03947368 0.01315789 0.         0.         0.01315789
  0.02631579 0.02631579 0.01315789 0.01315789 0.         0.02631579
  0.02631579 0.01315789 0.02631579]
 [0.02739726 0.01369863 0.09589041 0.02739726 0.02739726 0.05479452
  0.01369863 0.04109589 0.         0.05479452 0.04109589 0.04109589
  0.04109589 0.04109589 0.]
 [0.         0.01408451 0.01408451 0.         0.         0.
  0.04225352 0.05633803 0.04225352 0.04225352 0.02816901 0.04225352
  0.05633803 0.01408451 0.02816901]
 [0.02898551 0.         0.01449275 0.         0.02898551 0.
  0.01449275 0.01449275 0.01449275 0.04347826 0.         0.01449275
  0.         0.02898551 0.02898551]]
 X1_train_CL 
[[0.55696203 0.46835443 0.46835443 0.4556962  0.4556962  0.51898734
  0.35443038 0.40506329 0.36708861 0.4556962  0.49367089 0.40506329
  0.43037975 0.27848101 0.37974684]
 [0.3974359  0.53846154 0.43589744 0.51282051 0.37179487 0.6025641
  0.44871795 0.3974359  0.65384615 0.6025641  0.5        0.32051282
  0.56410256 0.42307692 0.44871795]
 [0.75       0.53947368 0.75       0.72368421 0.59210526 0.77631579
  0.61842105 0.64473684 0.65789474 0.55263158 0.75       0.72368421
  0.65789474 0.81578947 0.71052632]
 [0.7260274  0.78082192 0.79452055 0.67123288 0.68493151 0.71232877
  0.75342466 0.87671233 0.78082192 0.83561644 0.65753425 0.87671233
  0.78082192 0.8630137  0.75342466]
 [0.73239437 0.76056338 0.83098592 0.88732394 0.84507042 0.71830986
  0.67605634 0.77464789 0.5915493  0.90140845 0.84507042 0.73239437
  0.78873239 0.70422535 0.77464789]
 [0.7826087  0.68115942 0.69565217 0.92753623 0.82608696 0.73913043
  0.86956522 0.72463768 0.72463768 0.73913043 0.75362319 0.82608696
  0.85507246 0.73913043 0.76811594]]
 X2_train_CL 
[[0.         0.         0.01265823 0.         0.01265823 0.02531646
  0.03797468 0.03797468 0.         0.02531646 0.02531646 0.02531646
  0.02531646 0.         0.02531646]
 [0.01282051 0.         0.         0.03846154 0.02564103 0.03846154
  0.01282051 0.02564103 0.02564103 0.01282051 0.01282051 0.02564103
  0.01282051 0.02564103 0.]
 [0.         0.02631579 0.02631579 0.         0.         0.01315789
  0.02631579 0.03947368 0.02631579 0.         0.01315789 0.03947368
  0.01315789 0.02631579 0.02631579]
 [0.01369863 0.04109589 0.06849315 0.01369863 0.         0.04109589
  0.         0.05479452 0.         0.05479452 0.02739726 0.08219178
  0.04109589 0.01369863 0.]
 [0.         0.02816901 0.01408451 0.         0.         0.
  0.05633803 0.04225352 0.05633803 0.04225352 0.04225352 0.07042254
  0.04225352 0.01408451 0.01408451]
 [0.05797101 0.         0.01449275 0.01449275 0.01449275 0.
  0.01449275 0.01449275 0.01449275 0.01449275 0.         0.
  0.         0.02898551 0.02898551]]
 X1_train_CL_Dec 
[[0.17721519 0.17721519 0.56962025 0.69620253 0.3164557  0.37974684
  0.20253165 0.08860759 0.2278481  0.37974684 0.41772152 0.59493671
  0.21518987 0.55696203 0.36708861]
 [0.28205128 0.37179487 0.47435897 0.42307692 0.51282051 0.51282051
  0.44871795 0.32051282 0.32051282 0.35897436 0.41025641 0.53846154
  0.37179487 0.20512821 0.30769231]
 [0.35526316 0.63157895 0.72368421 0.78947368 0.64473684 0.63157895
  0.44736842 0.39473684 0.34210526 0.52631579 0.80263158 0.42105263
  0.57894737 0.76315789 0.48684211]
 [0.8630137  0.7260274  0.69863014 0.63013699 0.69863014 0.8630137
  0.79452055 0.84931507 0.89041096 0.7260274  0.69863014 0.45205479
  0.71232877 0.5890411  0.7260274]
 [0.76056338 0.8028169  0.94366197 0.67605634 0.81690141 0.85915493
  0.63380282 0.73239437 0.63380282 0.83098592 0.64788732 0.64788732
  0.61971831 0.74647887 0.73239437]
 [0.82608696 0.68115942 0.8115942  0.76811594 0.84057971 0.69565217
  0.65217391 0.63768116 0.89855072 0.7826087  0.68115942 0.82608696
  0.79710145 0.86956522 0.7826087]]
 X2_train_CL_Dec 
[[0.01265823 0.         0.01265823 0.01265823 0.01265823 0.01265823
  0.         0.         0.         0.03797468 0.01265823 0.02531646
  0.02531646 0.03797468 0.01265823]
 [0.01282051 0.02564103 0.         0.01282051 0.         0.03846154
  0.02564103 0.03846154 0.01282051 0.         0.01282051 0.03846154
  0.01282051 0.02564103 0.01282051]
 [0.01315789 0.06578947 0.01315789 0.         0.         0.01315789
  0.02631579 0.01315789 0.03947368 0.01315789 0.01315789 0.01315789
  0.01315789 0.02631579 0.02631579]
 [0.02739726 0.04109589 0.05479452 0.01369863 0.02739726 0.02739726
  0.         0.04109589 0.         0.04109589 0.02739726 0.04109589
  0.04109589 0.         0.]
 [0.01408451 0.02816901 0.01408451 0.         0.         0.
  0.02816901 0.05633803 0.02816901 0.04225352 0.04225352 0.02816901
  0.04225352 0.01408451 0.02816901]
 [0.05797101 0.01449275 0.01449275 0.04347826 0.02898551 0.01449275
  0.01449275 0.01449275 0.01449275 0.04347826 0.         0.
  0.         0.02898551 0.04347826]]
 X1_train_CL_Dec_KMFl 
[[0.32911392 0.29113924 0.26582278 0.3164557  0.29113924 0.49367089
  0.46835443 0.34177215 0.40506329 0.44303797 0.53164557 0.55696203
  0.44303797 0.4556962  0.41772152]
 [0.70512821 0.74358974 0.79487179 0.75641026 0.79487179 0.62820513
  0.51282051 0.51282051 0.53846154 0.6025641  0.57692308 0.80769231
  0.73076923 0.6025641  0.58974359]
 [0.77631579 0.81578947 0.77631579 0.80263158 0.77631579 0.84210526
  0.81578947 0.84210526 0.76315789 0.84210526 0.48684211 0.5
  0.53947368 0.53947368 0.47368421]
 [0.82191781 0.84931507 0.87671233 0.8630137  0.87671233 0.93150685
  0.93150685 0.93150685 0.93150685 0.93150685 0.75342466 0.73972603
  0.71232877 0.71232877 0.76712329]
 [0.78873239 0.78873239 0.78873239 0.78873239 0.78873239 0.83098592
  0.83098592 0.8028169  0.83098592 0.83098592 0.78873239 0.76056338
  0.78873239 0.76056338 0.76056338]
 [0.76811594 0.79710145 0.73913043 0.76811594 0.76811594 0.95652174
  0.95652174 0.94202899 0.95652174 0.95652174 0.82608696 0.82608696
  0.82608696 0.82608696 0.84057971]]
 X2_train_CL_Dec_KMFl 
[[0.01265823 0.         0.         0.03797468 0.         0.02531646
  0.         0.01265823 0.02531646 0.05063291 0.01265823 0.05063291
  0.02531646 0.03797468 0.01265823]
 [0.         0.02564103 0.         0.05128205 0.01282051 0.02564103
  0.01282051 0.03846154 0.02564103 0.         0.02564103 0.02564103
  0.01282051 0.02564103 0.]
 [0.         0.05263158 0.01315789 0.         0.         0.01315789
  0.02631579 0.03947368 0.03947368 0.         0.         0.02631579
  0.02631579 0.01315789 0.03947368]
 [0.04109589 0.01369863 0.09589041 0.02739726 0.01369863 0.05479452
  0.01369863 0.05479452 0.         0.05479452 0.04109589 0.04109589
  0.04109589 0.04109589 0.]
 [0.         0.01408451 0.01408451 0.         0.         0.
  0.04225352 0.07042254 0.04225352 0.04225352 0.02816901 0.04225352
  0.05633803 0.01408451 0.02816901]
 [0.02898551 0.         0.01449275 0.         0.02898551 0.
  0.01449275 0.01449275 0.01449275 0.04347826 0.         0.01449275
  0.         0.02898551 0.02898551]]
 X1_train_CL_Dec_KMFen 
[[0.74683544 0.79746835 0.88607595 0.82278481 0.69620253 0.75949367
  0.64556962 0.7721519  0.72151899 0.7721519  0.59493671 0.46835443
  0.51898734 0.4556962  0.5443038]
 [0.82051282 0.67948718 0.67948718 0.73076923 0.74358974 0.92307692
  0.94871795 0.87179487 0.79487179 0.8974359  0.65384615 0.65384615
  0.66666667 0.52564103 0.56410256]
 [0.81578947 0.78947368 0.77631579 0.81578947 0.84210526 0.93421053
  0.93421053 0.90789474 0.94736842 0.93421053 0.75       0.76315789
  0.78947368 0.77631579 0.82894737]
 [0.89041096 0.8630137  0.8630137  0.8630137  0.82191781 0.93150685
  0.93150685 0.95890411 0.93150685 0.95890411 0.83561644 0.82191781
  0.75342466 0.89041096 0.79452055]
 [0.84507042 0.90140845 0.84507042 0.91549296 0.83098592 0.94366197
  0.97183099 0.94366197 0.91549296 0.91549296 0.91549296 0.94366197
  0.87323944 0.81690141 0.88732394]
 [0.88405797 0.88405797 0.91304348 0.91304348 0.86956522 0.97101449
  1.         1.         0.97101449 0.97101449 0.84057971 0.76811594
  0.84057971 0.8115942  0.84057971]]
 X2_train_CL_Dec_KMFen 
[[0.         0.02531646 0.01265823 0.01265823 0.02531646 0.03797468
  0.01265823 0.03797468 0.         0.03797468 0.03797468 0.03797468
  0.05063291 0.01265823 0.01265823]
 [0.         0.01282051 0.01282051 0.02564103 0.01282051 0.03846154
  0.         0.03846154 0.02564103 0.         0.         0.01282051
  0.         0.02564103 0.]
 [0.         0.05263158 0.         0.         0.         0.01315789
  0.01315789 0.03947368 0.03947368 0.         0.02631579 0.03947368
  0.01315789 0.03947368 0.01315789]
 [0.02739726 0.02739726 0.08219178 0.01369863 0.         0.04109589
  0.         0.05479452 0.         0.05479452 0.05479452 0.06849315
  0.04109589 0.02739726 0.01369863]
 [0.         0.         0.01408451 0.         0.         0.
  0.04225352 0.08450704 0.04225352 0.04225352 0.04225352 0.04225352
  0.05633803 0.01408451 0.02816901]
 [0.05797101 0.         0.01449275 0.02898551 0.02898551 0.
  0.01449275 0.01449275 0.01449275 0.04347826 0.01449275 0.01449275
  0.         0.02898551 0.02898551]]
 X1_train_KANG 
[[0.01265823 0.15189873 0.05063291 0.08860759 0.03797468 0.10126582
  0.11392405 0.         0.11392405 0.06329114 0.07594937 0.11392405
  0.15189873 0.17721519 0.11392405]
 [0.06410256 0.15384615 0.06410256 0.08974359 0.11538462 0.1025641
  0.1025641  0.11538462 0.06410256 0.16666667 0.1025641  0.08974359
  0.1025641  0.11538462 0.16666667]
 [0.11842105 0.11842105 0.11842105 0.06578947 0.07894737 0.14473684
  0.06578947 0.11842105 0.07894737 0.10526316 0.09210526 0.11842105
  0.09210526 0.19736842 0.11842105]
 [0.1369863  0.16438356 0.08219178 0.10958904 0.15068493 0.20547945
  0.08219178 0.08219178 0.1369863  0.12328767 0.12328767 0.1369863
  0.09589041 0.08219178 0.06849315]
 [0.05633803 0.15492958 0.07042254 0.16901408 0.11267606 0.18309859
  0.12676056 0.08450704 0.15492958 0.11267606 0.09859155 0.15492958
  0.16901408 0.09859155 0.12676056]
 [0.17391304 0.05797101 0.20289855 0.08695652 0.20289855 0.20289855
  0.13043478 0.2173913  0.1884058  0.1884058  0.14492754 0.27536232
  0.24637681 0.1884058  0.27536232]]
 X1_train_RG 
[[0.02898551 0.02898551 0.02898551 0.02898551 0.02898551 0.02898551
  0.02898551 0.02898551 0.02898551 0.02898551 0.02898551 0.02898551
  0.02898551 0.02898551 0.02898551]
 [0.         0.         0.         0.         0.         0.
  0.         0.         0.         0.         0.         0.
  0.         0.         0.]
 [0.02898551 0.02898551 0.02898551 0.02898551 0.02898551 0.02898551
  0.02898551 0.02898551 0.02898551 0.02898551 0.02898551 0.02898551
  0.02898551 0.02898551 0.02898551]
 [0.05797101 0.05797101 0.05797101 0.05797101 0.05797101 0.05797101
  0.05797101 0.05797101 0.05797101 0.05797101 0.05797101 0.05797101
  0.05797101 0.05797101 0.05797101]
 [0.01449275 0.01449275 0.01449275 0.01449275 0.01449275 0.01449275
  0.01449275 0.01449275 0.01449275 0.01449275 0.01449275 0.01449275
  0.01449275 0.01449275 0.01449275]
 [0.         0.         0.         0.         0.         0.
  0.         0.         0.         0.         0.         0.
  0.         0.         0.]]
 X2_train_RG 
[[0.01449275 0.01449275 0.01449275 0.01449275 0.01449275 0.01449275
  0.01449275 0.01449275 0.01449275 0.01449275 0.01449275 0.01449275
  0.01449275 0.01449275 0.01449275]
 [0.         0.         0.         0.         0.         0.
  0.         0.         0.         0.         0.         0.
  0.         0.         0.]
 [0.         0.         0.         0.         0.         0.
  0.         0.         0.         0.         0.         0.
  0.         0.         0.]
 [0.01449275 0.01449275 0.01449275 0.01449275 0.01449275 0.01449275
  0.01449275 0.01449275 0.01449275 0.01449275 0.01449275 0.01449275
  0.01449275 0.01449275 0.01449275]
 [0.04347826 0.04347826 0.04347826 0.04347826 0.04347826 0.04347826
  0.04347826 0.04347826 0.04347826 0.04347826 0.04347826 0.04347826
  0.04347826 0.04347826 0.04347826]
 [0.         0.         0.         0.         0.         0.
  0.         0.         0.         0.         0.         0.
  0.         0.         0.]]
 
 
