
 
 List of mapped features 
 [2, 3, 5, 8, 10, 12]
 
 F1 for across trials and perm 
 X1_train 
[[0.38888889 0.44444444 0.5        0.88888889 0.88888889 0.55555556
  0.33333333 0.33333333 0.44444444 0.5        0.22222222 0.05555556
  0.27777778 0.11111111 0.05555556]
 [0.88235294 0.88235294 0.82352941 0.88235294 0.88235294 0.70588235
  1.         0.76470588 0.76470588 0.76470588 1.         0.88235294
  0.76470588 1.         0.88235294]
 [1.         0.73333333 1.         1.         1.         1.
  1.         1.         1.         1.         1.         0.86666667
  1.         1.         1.]
 [1.         1.         1.         1.         1.         1.
  1.         1.         1.         1.         1.         1.
  1.         1.         1.]
 [1.         1.         1.         1.         1.         1.
  1.         0.8        1.         1.         1.         1.
  1.         1.         1.]
 [1.         1.         1.         1.         1.         1.
  1.         1.         1.         1.         1.         1.
  1.         1.         1.]]
 X2_train 
[[0.05555556 0.11111111 0.05555556 0.16666667 0.05555556 0.05555556
  0.16666667 0.05555556 0.         0.05555556 0.11111111 0.11111111
  0.11111111 0.16666667 0.]
 [0.         0.11764706 0.         0.11764706 0.11764706 0.
  0.29411765 0.         0.05882353 0.         0.         0.11764706
  0.11764706 0.23529412 0.11764706]
 [0.26666667 0.2        0.         0.26666667 0.06666667 0.
  0.33333333 0.13333333 0.         0.26666667 0.33333333 0.2
  0.06666667 0.06666667 0.]
 [0.08333333 0.16666667 0.08333333 0.33333333 0.41666667 0.
  0.25       0.16666667 0.08333333 0.41666667 0.         0.25
  0.08333333 0.33333333 0.33333333]
 [0.3        0.2        0.3        0.2        0.1        0.6
  0.1        0.2        0.         0.         0.2        0.3
  0.         0.1        0.]
 [0.25       0.         0.125      0.25       0.         0.
  0.         0.375      0.25       0.375      0.         0.625
  0.5        0.         0.375]]
 X1_train_sim_Cor 
[[0.33333333 0.33333333 0.33333333 0.33333333 0.33333333 0.38888889
  0.38888889 0.38888889 0.38888889 0.38888889 0.27777778 0.27777778
  0.27777778 0.27777778 0.27777778]
 [0.64705882 0.64705882 0.64705882 0.64705882 0.64705882 0.82352941
  0.82352941 0.82352941 0.82352941 0.82352941 0.64705882 0.64705882
  0.64705882 0.64705882 0.64705882]
 [1.         1.         1.         1.         1.         1.
  1.         1.         1.         1.         1.         1.
  1.         1.         1.]
 [1.         1.         1.         1.         1.         1.
  1.         1.         1.         1.         1.         1.
  1.         1.         1.]
 [1.         1.         1.         1.         1.         1.
  1.         1.         1.         1.         1.         1.
  1.         1.         1.]
 [1.         1.         1.         1.         1.         1.
  1.         1.         1.         1.         1.         1.
  1.         1.         1.]]
 X2_train_sim_Cor 
[[0.         0.05555556 0.05555556 0.27777778 0.16666667 0.16666667
  0.16666667 0.11111111 0.         0.         0.         0.05555556
  0.05555556 0.11111111 0.11111111]
 [0.05882353 0.05882353 0.05882353 0.05882353 0.17647059 0.
  0.29411765 0.         0.         0.05882353 0.         0.11764706
  0.05882353 0.23529412 0.11764706]
 [0.26666667 0.2        0.         0.26666667 0.06666667 0.
  0.33333333 0.13333333 0.         0.26666667 0.33333333 0.2
  0.06666667 0.06666667 0.]
 [0.08333333 0.16666667 0.08333333 0.33333333 0.41666667 0.
  0.25       0.16666667 0.08333333 0.41666667 0.         0.25
  0.08333333 0.33333333 0.33333333]
 [0.3        0.2        0.3        0.2        0.1        0.6
  0.1        0.2        0.         0.         0.2        0.3
  0.         0.1        0.]
 [0.25       0.         0.125      0.25       0.         0.
  0.         0.375      0.25       0.375      0.         0.625
  0.5        0.         0.375]]
 X1_train_CL 
[[0.44444444 0.33333333 0.27777778 0.05555556 0.05555556 0.33333333
  0.22222222 0.44444444 0.11111111 0.22222222 0.16666667 0.11111111
  0.05555556 0.16666667 0.05555556]
 [0.17647059 0.11764706 0.29411765 0.29411765 0.41176471 0.23529412
  0.29411765 0.29411765 0.52941176 0.23529412 0.17647059 0.17647059
  0.58823529 0.17647059 0.29411765]
 [0.6        0.66666667 0.46666667 0.86666667 0.6        0.26666667
  0.53333333 1.         0.66666667 0.53333333 0.33333333 0.13333333
  0.4        0.33333333 0.46666667]
 [0.66666667 1.         0.83333333 0.83333333 0.66666667 0.58333333
  0.66666667 0.83333333 0.83333333 0.83333333 0.75       0.83333333
  0.83333333 0.83333333 1.]
 [0.8        0.7        0.7        0.8        1.         1.
  1.         1.         1.         1.         1.         0.5
  1.         0.5        1.]
 [1.         0.75       1.         1.         0.75       0.75
  0.75       0.625      1.         1.         1.         1.
  1.         1.         1.]]
 X2_train_CL 
[[0.05555556 0.         0.         0.11111111 0.05555556 0.16666667
  0.05555556 0.11111111 0.16666667 0.11111111 0.05555556 0.05555556
  0.         0.11111111 0.05555556]
 [0.05882353 0.05882353 0.         0.05882353 0.05882353 0.05882353
  0.11764706 0.         0.05882353 0.         0.05882353 0.
  0.         0.11764706 0.11764706]
 [0.26666667 0.13333333 0.         0.2        0.         0.13333333
  0.13333333 0.13333333 0.         0.13333333 0.06666667 0.
  0.13333333 0.06666667 0.06666667]
 [0.16666667 0.16666667 0.08333333 0.25       0.25       0.16666667
  0.16666667 0.16666667 0.16666667 0.33333333 0.16666667 0.25
  0.         0.33333333 0.33333333]
 [0.4        0.         0.2        0.1        0.1        0.6
  0.1        0.2        0.         0.         0.2        0.3
  0.         0.1        0.]
 [0.25       0.125      0.125      0.25       0.         0.
  0.125      0.125      0.25       0.375      0.         0.625
  0.5        0.         0.375]]
 X1_train_CL_Dec 
[[0.22222222 0.11111111 0.11111111 0.22222222 0.11111111 0.05555556
  0.22222222 0.05555556 0.05555556 0.27777778 0.05555556 0.16666667
  0.33333333 0.22222222 0.16666667]
 [0.29411765 0.05882353 0.23529412 0.29411765 0.05882353 0.35294118
  0.35294118 0.35294118 0.17647059 0.11764706 0.23529412 0.23529412
  0.17647059 0.23529412 0.35294118]
 [0.26666667 0.4        0.66666667 0.4        0.46666667 0.33333333
  0.33333333 0.73333333 0.66666667 0.33333333 0.06666667 0.4
  0.13333333 0.33333333 0.2]
 [0.83333333 0.83333333 0.75       1.         0.83333333 0.58333333
  0.58333333 0.83333333 0.5        0.58333333 0.66666667 0.83333333
  1.         0.58333333 0.41666667]
 [0.7        1.         0.6        1.         1.         0.7
  0.7        1.         1.         0.8        0.8        0.8
  0.8        1.         0.8]
 [0.75       1.         0.75       0.75       0.75       0.625
  0.75       0.75       1.         1.         1.         1.
  1.         1.         1.]]
 X2_train_CL_Dec 
[[0.05555556 0.05555556 0.05555556 0.11111111 0.         0.05555556
  0.16666667 0.         0.05555556 0.05555556 0.05555556 0.05555556
  0.11111111 0.11111111 0.11111111]
 [0.         0.05882353 0.         0.         0.         0.
  0.05882353 0.05882353 0.         0.05882353 0.         0.05882353
  0.         0.11764706 0.11764706]
 [0.         0.13333333 0.         0.26666667 0.13333333 0.06666667
  0.13333333 0.06666667 0.         0.2        0.06666667 0.2
  0.06666667 0.06666667 0.]
 [0.16666667 0.16666667 0.08333333 0.33333333 0.33333333 0.
  0.25       0.08333333 0.08333333 0.33333333 0.         0.25
  0.08333333 0.16666667 0.16666667]
 [0.3        0.2        0.3        0.2        0.1        0.5
  0.1        0.2        0.         0.         0.2        0.1
  0.         0.1        0.]
 [0.125      0.         0.         0.125      0.         0.125
  0.125      0.125      0.25       0.375      0.         0.625
  0.5        0.         0.375]]
 X1_train_CL_Dec_KMFl 
[[0.66666667 0.27777778 0.38888889 0.27777778 0.33333333 0.38888889
  0.33333333 0.44444444 0.44444444 0.55555556 0.33333333 0.44444444
  0.5        0.22222222 0.33333333]
 [0.58823529 0.41176471 0.58823529 0.88235294 0.47058824 0.64705882
  0.76470588 0.64705882 0.47058824 0.35294118 0.70588235 0.64705882
  0.41176471 0.52941176 0.52941176]
 [0.86666667 1.         1.         1.         1.         1.
  1.         1.         0.86666667 1.         0.6        0.73333333
  0.86666667 0.73333333 0.6]
 [1.         1.         1.         1.         1.         1.
  1.         1.         1.         1.         1.         1.
  1.         1.         1.]
 [1.         1.         1.         1.         1.         1.
  1.         1.         1.         1.         1.         1.
  1.         1.         1.]
 [1.         1.         1.         1.         0.75       1.
  1.         1.         1.         1.         1.         1.
  1.         1.         1.]]
 X2_train_CL_Dec_KMFl 
[[0.05555556 0.11111111 0.         0.11111111 0.11111111 0.
  0.16666667 0.05555556 0.         0.         0.05555556 0.16666667
  0.11111111 0.11111111 0.16666667]
 [0.11764706 0.11764706 0.05882353 0.11764706 0.17647059 0.
  0.23529412 0.05882353 0.         0.11764706 0.         0.05882353
  0.05882353 0.11764706 0.11764706]
 [0.26666667 0.2        0.         0.26666667 0.06666667 0.
  0.33333333 0.13333333 0.         0.26666667 0.26666667 0.26666667
  0.06666667 0.         0.]
 [0.08333333 0.16666667 0.08333333 0.33333333 0.41666667 0.
  0.25       0.16666667 0.08333333 0.41666667 0.         0.25
  0.08333333 0.33333333 0.33333333]
 [0.3        0.2        0.3        0.2        0.1        0.6
  0.1        0.2        0.         0.         0.2        0.3
  0.         0.1        0.]
 [0.25       0.         0.125      0.25       0.         0.
  0.         0.375      0.25       0.375      0.         0.625
  0.5        0.         0.375]]
 X1_train_CL_Dec_KMFen 
[[0.72222222 0.72222222 0.61111111 0.72222222 0.66666667 0.55555556
  0.5        0.61111111 0.44444444 0.55555556 0.5        0.55555556
  0.44444444 0.44444444 0.33333333]
 [0.88235294 0.64705882 0.88235294 0.76470588 0.64705882 1.
  0.82352941 0.88235294 0.58823529 1.         0.88235294 0.76470588
  0.64705882 0.76470588 0.88235294]
 [1.         1.         1.         1.         1.         1.
  1.         1.         1.         1.         1.         1.
  1.         0.86666667 1.]
 [1.         1.         1.         1.         1.         1.
  1.         0.83333333 1.         1.         1.         1.
  1.         1.         1.]
 [1.         1.         1.         1.         1.         1.
  1.         1.         1.         1.         1.         1.
  1.         1.         1.]
 [1.         1.         1.         1.         1.         1.
  1.         1.         1.         1.         1.         1.
  1.         1.         1.]]
 X2_train_CL_Dec_KMFen 
[[0.11111111 0.16666667 0.11111111 0.11111111 0.05555556 0.11111111
  0.11111111 0.05555556 0.         0.         0.05555556 0.11111111
  0.05555556 0.11111111 0.11111111]
 [0.11764706 0.05882353 0.05882353 0.05882353 0.23529412 0.
  0.29411765 0.         0.         0.05882353 0.         0.11764706
  0.05882353 0.23529412 0.11764706]
 [0.26666667 0.2        0.         0.26666667 0.06666667 0.
  0.33333333 0.13333333 0.         0.26666667 0.33333333 0.2
  0.06666667 0.         0.]
 [0.08333333 0.16666667 0.08333333 0.33333333 0.41666667 0.
  0.25       0.16666667 0.08333333 0.41666667 0.         0.25
  0.08333333 0.33333333 0.33333333]
 [0.3        0.2        0.3        0.2        0.1        0.6
  0.1        0.2        0.         0.         0.2        0.3
  0.         0.1        0.]
 [0.25       0.         0.125      0.25       0.         0.
  0.         0.375      0.25       0.375      0.         0.625
  0.5        0.         0.375]]
 X1_train_KANG 
[[1.         1.         1.         1.         1.         1.
  1.         1.         1.         1.         0.05555556 0.88888889
  0.55555556 1.         1.]
 [0.64705882 1.         1.         1.         0.41176471 1.
  1.         1.         0.88235294 1.         1.         1.
  1.         1.         1.]
 [1.         1.         1.         1.         1.         1.
  1.         1.         1.         1.         0.46666667 1.
  1.         0.73333333 1.]
 [1.         1.         1.         1.         1.         1.
  1.         1.         1.         1.         1.         1.
  1.         1.         1.]
 [1.         1.         1.         1.         1.         1.
  1.         1.         1.         1.         1.         1.
  1.         1.         1.]
 [1.         1.         1.         1.         1.         1.
  1.         1.         1.         1.         1.         1.
  1.         1.         1.]]
 X1_train_RG 
[[0.    0.    0.    0.    0.    0.    0.    0.    0.    0.    0.    0.
  0.    0.    0.]
 [0.125 0.125 0.125 0.125 0.125 0.125 0.125 0.125 0.125 0.125 0.125 0.125
  0.125 0.125 0.125]
 [0.125 0.125 0.125 0.125 0.125 0.125 0.125 0.125 0.125 0.125 0.125 0.125
  0.125 0.125 0.125]
 [0.    0.    0.    0.    0.    0.    0.    0.    0.    0.    0.    0.
  0.    0.    0.]
 [0.125 0.125 0.125 0.125 0.125 0.125 0.125 0.125 0.125 0.125 0.125 0.125
  0.125 0.125 0.125]
 [0.    0.    0.    0.    0.    0.    0.    0.    0.    0.    0.    0.
  0.    0.    0.]]
 X2_train_RG 
[[0.125 0.125 0.125 0.125 0.125 0.125 0.125 0.125 0.125 0.125 0.125 0.125
  0.125 0.125 0.125]
 [0.125 0.125 0.125 0.125 0.125 0.125 0.125 0.125 0.125 0.125 0.125 0.125
  0.125 0.125 0.125]
 [0.375 0.375 0.375 0.375 0.375 0.375 0.375 0.375 0.375 0.375 0.375 0.375
  0.375 0.375 0.375]
 [0.375 0.375 0.375 0.375 0.375 0.375 0.375 0.375 0.375 0.375 0.375 0.375
  0.375 0.375 0.375]
 [0.    0.    0.    0.    0.    0.    0.    0.    0.    0.    0.    0.
  0.    0.    0.]
 [0.    0.    0.    0.    0.    0.    0.    0.    0.    0.    0.    0.
  0.    0.    0.]]
 
 
