
 
 List of mapped features 
 [2, 3, 5, 8, 10, 12]
 
 F1 for across trials and perm 
 X1_train 
[[0.         0.38888889 0.27777778 0.44444444 0.66666667 0.61111111
  0.16666667 0.44444444 0.38888889 0.88888889 0.5        0.16666667
  0.         0.22222222 0.11111111]
 [0.52941176 0.58823529 0.70588235 0.58823529 0.58823529 0.41176471
  0.23529412 0.23529412 0.70588235 0.76470588 0.41176471 0.23529412
  0.11764706 0.23529412 0.47058824]
 [0.86666667 1.         0.86666667 0.86666667 1.         0.66666667
  0.86666667 0.66666667 1.         0.86666667 1.         1.
  1.         0.66666667 1.]
 [1.         1.         1.         1.         1.         1.
  1.         1.         1.         1.         1.         0.83333333
  1.         0.66666667 1.]
 [1.         1.         1.         1.         1.         1.
  1.         1.         1.         1.         1.         1.
  1.         1.         0.8]
 [1.         1.         1.         1.         0.75       1.
  1.         1.         1.         1.         1.         1.
  1.         1.         1.]]
 X2_train 
[[0.         0.11111111 0.05555556 0.16666667 0.         0.05555556
  0.         0.16666667 0.         0.         0.05555556 0.05555556
  0.         0.         0.]
 [0.05882353 0.05882353 0.05882353 0.23529412 0.11764706 0.05882353
  0.17647059 0.         0.         0.         0.         0.23529412
  0.05882353 0.11764706 0.11764706]
 [0.26666667 0.2        0.         0.26666667 0.06666667 0.
  0.33333333 0.06666667 0.         0.2        0.33333333 0.2
  0.06666667 0.06666667 0.06666667]
 [0.08333333 0.25       0.08333333 0.33333333 0.41666667 0.
  0.16666667 0.33333333 0.08333333 0.33333333 0.         0.16666667
  0.08333333 0.25       0.33333333]
 [0.3        0.2        0.3        0.2        0.1        0.6
  0.1        0.2        0.         0.         0.2        0.3
  0.         0.         0.]
 [0.25       0.         0.125      0.25       0.         0.
  0.         0.375      0.25       0.375      0.         0.625
  0.5        0.         0.375]]
 X1_train_sim_Cor 
[[0.22222222 0.22222222 0.22222222 0.22222222 0.22222222 0.22222222
  0.22222222 0.22222222 0.22222222 0.22222222 0.33333333 0.33333333
  0.33333333 0.33333333 0.33333333]
 [0.52941176 0.52941176 0.52941176 0.52941176 0.52941176 0.52941176
  0.52941176 0.52941176 0.52941176 0.52941176 0.52941176 0.52941176
  0.52941176 0.52941176 0.52941176]
 [0.86666667 0.86666667 0.86666667 0.86666667 0.86666667 0.73333333
  0.73333333 0.73333333 0.73333333 0.73333333 0.73333333 0.73333333
  0.73333333 0.73333333 0.73333333]
 [1.         1.         1.         1.         1.         1.
  1.         1.         1.         1.         1.         1.
  1.         1.         1.]
 [1.         1.         1.         1.         1.         1.
  1.         1.         1.         1.         0.8        0.8
  0.8        0.8        0.8]
 [0.75       0.75       0.75       0.75       0.75       1.
  1.         1.         1.         1.         1.         1.
  1.         1.         1.]]
 X2_train_sim_Cor 
[[0.05555556 0.         0.11111111 0.16666667 0.05555556 0.
  0.05555556 0.11111111 0.05555556 0.         0.16666667 0.16666667
  0.05555556 0.         0.05555556]
 [0.05882353 0.11764706 0.         0.11764706 0.23529412 0.
  0.23529412 0.05882353 0.05882353 0.         0.05882353 0.11764706
  0.         0.11764706 0.11764706]
 [0.26666667 0.2        0.         0.33333333 0.         0.06666667
  0.26666667 0.13333333 0.         0.2        0.26666667 0.13333333
  0.13333333 0.06666667 0.]
 [0.08333333 0.16666667 0.08333333 0.33333333 0.41666667 0.
  0.25       0.16666667 0.08333333 0.41666667 0.         0.25
  0.08333333 0.33333333 0.33333333]
 [0.3        0.2        0.3        0.2        0.1        0.6
  0.1        0.2        0.         0.         0.1        0.3
  0.         0.1        0.1]
 [0.25       0.         0.         0.375      0.         0.
  0.         0.375      0.25       0.375      0.         0.625
  0.5        0.         0.375]]
 X1_train_CL 
[[0.38888889 0.72222222 0.33333333 0.         0.16666667 0.16666667
  0.11111111 0.11111111 0.27777778 0.22222222 0.11111111 0.05555556
  0.27777778 0.05555556 0.05555556]
 [0.23529412 0.35294118 0.23529412 0.70588235 0.35294118 0.47058824
  0.47058824 0.35294118 0.29411765 1.         0.29411765 0.11764706
  0.41176471 0.70588235 0.05882353]
 [0.86666667 1.         0.86666667 0.86666667 0.46666667 0.6
  0.26666667 0.26666667 0.33333333 0.8        0.46666667 0.8
  0.86666667 0.13333333 0.6]
 [0.58333333 0.25       0.83333333 1.         0.83333333 1.
  0.83333333 0.58333333 0.66666667 0.83333333 0.83333333 0.5
  0.83333333 0.83333333 0.83333333]
 [0.8        1.         0.8        0.7        1.         1.
  0.8        0.8        1.         1.         0.8        1.
  1.         1.         1.]
 [1.         1.         0.75       1.         0.75       1.
  1.         0.75       0.75       0.75       0.5        1.
  1.         0.75       0.75]]
 X2_train_CL 
[[0.11111111 0.16666667 0.05555556 0.05555556 0.05555556 0.11111111
  0.05555556 0.         0.05555556 0.11111111 0.11111111 0.
  0.11111111 0.05555556 0.]
 [0.         0.11764706 0.         0.17647059 0.11764706 0.
  0.17647059 0.         0.         0.05882353 0.         0.
  0.11764706 0.17647059 0.05882353]
 [0.26666667 0.2        0.         0.26666667 0.06666667 0.06666667
  0.13333333 0.         0.06666667 0.33333333 0.33333333 0.26666667
  0.06666667 0.13333333 0.]
 [0.16666667 0.16666667 0.         0.33333333 0.33333333 0.
  0.25       0.25       0.08333333 0.33333333 0.         0.
  0.         0.25       0.16666667]
 [0.4        0.2        0.3        0.3        0.1        0.6
  0.         0.2        0.         0.         0.2        0.3
  0.         0.1        0.]
 [0.25       0.         0.         0.25       0.         0.
  0.         0.5        0.125      0.25       0.         0.625
  0.5        0.125      0.25]]
 X1_train_CL_Dec 
[[0.22222222 0.11111111 0.27777778 0.11111111 0.33333333 0.11111111
  0.27777778 0.22222222 0.16666667 0.         0.         0.22222222
  0.33333333 0.         0.38888889]
 [0.17647059 0.17647059 0.82352941 0.11764706 0.17647059 0.05882353
  0.17647059 0.35294118 0.88235294 0.52941176 0.17647059 0.05882353
  0.         0.23529412 0.11764706]
 [0.6        0.86666667 0.6        0.26666667 0.33333333 0.6
  0.73333333 0.06666667 0.2        1.         0.06666667 0.73333333
  0.33333333 0.66666667 0.86666667]
 [0.25       0.83333333 0.58333333 0.25       0.83333333 0.16666667
  0.41666667 0.83333333 1.         1.         0.58333333 0.16666667
  0.41666667 0.75       1.]
 [0.4        0.7        0.2        0.5        0.8        0.8
  1.         0.2        0.4        1.         0.4        0.8
  0.2        0.6        0.2]
 [0.25       0.75       0.75       0.375      0.625      1.
  1.         0.625      0.75       0.375      1.         0.75
  1.         0.5        0.25]]
 X2_train_CL_Dec 
[[0.         0.11111111 0.         0.16666667 0.16666667 0.11111111
  0.11111111 0.05555556 0.         0.05555556 0.11111111 0.05555556
  0.         0.         0.05555556]
 [0.11764706 0.11764706 0.05882353 0.05882353 0.05882353 0.05882353
  0.05882353 0.05882353 0.         0.         0.         0.05882353
  0.11764706 0.05882353 0.]
 [0.13333333 0.2        0.         0.06666667 0.06666667 0.
  0.26666667 0.         0.         0.26666667 0.06666667 0.26666667
  0.06666667 0.06666667 0.]
 [0.         0.16666667 0.16666667 0.33333333 0.33333333 0.
  0.08333333 0.33333333 0.08333333 0.41666667 0.08333333 0.08333333
  0.08333333 0.16666667 0.33333333]
 [0.6        0.         0.2        0.         0.1        0.4
  0.1        0.2        0.2        0.         0.         0.3
  0.1        0.1        0.3]
 [0.125      0.         0.         0.         0.         0.
  0.         0.25       0.375      0.125      0.         0.375
  0.5        0.125      0.25]]
 X1_train_CL_Dec_KMFl 
[[0.55555556 0.44444444 0.38888889 0.16666667 0.72222222 0.22222222
  0.11111111 0.55555556 0.44444444 0.16666667 0.22222222 0.33333333
  0.66666667 0.11111111 0.38888889]
 [0.41176471 0.70588235 0.70588235 0.52941176 0.29411765 0.76470588
  0.52941176 0.64705882 0.88235294 0.47058824 0.76470588 0.11764706
  0.11764706 0.70588235 0.11764706]
 [1.         1.         1.         0.8        0.86666667 0.8
  1.         0.4        0.66666667 0.86666667 0.6        1.
  0.86666667 0.73333333 0.86666667]
 [1.         1.         1.         0.83333333 1.         0.83333333
  1.         1.         1.         1.         1.         0.83333333
  1.         1.         1.]
 [0.8        1.         1.         1.         1.         1.
  1.         1.         1.         1.         0.8        1.
  0.8        0.8        0.8]
 [0.75       1.         1.         1.         1.         1.
  1.         1.         1.         1.         1.         1.
  1.         1.         1.]]
 X2_train_CL_Dec_KMFl 
[[0.11111111 0.05555556 0.11111111 0.16666667 0.05555556 0.05555556
  0.05555556 0.05555556 0.         0.05555556 0.05555556 0.05555556
  0.         0.         0.05555556]
 [0.11764706 0.11764706 0.         0.11764706 0.05882353 0.
  0.35294118 0.         0.         0.         0.         0.05882353
  0.         0.17647059 0.05882353]
 [0.26666667 0.2        0.         0.26666667 0.06666667 0.
  0.33333333 0.         0.         0.33333333 0.26666667 0.2
  0.06666667 0.06666667 0.]
 [0.08333333 0.16666667 0.08333333 0.33333333 0.41666667 0.
  0.25       0.16666667 0.08333333 0.41666667 0.         0.16666667
  0.08333333 0.33333333 0.33333333]
 [0.1        0.2        0.3        0.2        0.1        0.6
  0.1        0.2        0.         0.         0.1        0.3
  0.         0.1        0.1]
 [0.25       0.         0.125      0.25       0.         0.
  0.         0.375      0.25       0.375      0.         0.625
  0.5        0.         0.375]]
 X1_train_CL_Dec_KMFen 
[[0.55555556 0.38888889 0.55555556 0.33333333 0.44444444 0.11111111
  0.11111111 0.44444444 0.38888889 0.05555556 0.11111111 0.22222222
  0.38888889 0.05555556 0.38888889]
 [0.29411765 0.52941176 1.         0.41176471 0.23529412 0.58823529
  0.58823529 0.64705882 0.82352941 0.41176471 0.52941176 0.05882353
  0.05882353 0.64705882 0.11764706]
 [0.66666667 0.86666667 0.86666667 0.86666667 0.73333333 0.8
  0.6        0.6        0.73333333 0.86666667 0.33333333 0.86666667
  0.73333333 0.66666667 0.86666667]
 [1.         0.75       0.83333333 0.5        1.         0.66666667
  0.66666667 1.         1.         1.         1.         0.66666667
  0.83333333 1.         1.]
 [0.8        1.         0.6        1.         0.8        1.
  1.         0.8        1.         1.         0.8        0.6
  0.6        0.7        0.4]
 [0.75       1.         0.75       0.75       0.625      1.
  1.         0.75       1.         1.         0.75       1.
  1.         0.25       0.375]]
 X2_train_CL_Dec_KMFen 
[[0.11111111 0.11111111 0.16666667 0.11111111 0.11111111 0.16666667
  0.05555556 0.11111111 0.         0.         0.05555556 0.05555556
  0.         0.         0.05555556]
 [0.11764706 0.23529412 0.         0.11764706 0.         0.
  0.35294118 0.         0.05882353 0.05882353 0.         0.11764706
  0.         0.11764706 0.]
 [0.06666667 0.2        0.         0.26666667 0.06666667 0.
  0.2        0.06666667 0.         0.33333333 0.13333333 0.2
  0.13333333 0.06666667 0.]
 [0.08333333 0.08333333 0.08333333 0.25       0.41666667 0.
  0.08333333 0.16666667 0.08333333 0.41666667 0.         0.16666667
  0.08333333 0.33333333 0.33333333]
 [0.1        0.2        0.1        0.2        0.1        0.6
  0.1        0.2        0.         0.         0.1        0.2
  0.1        0.1        0.1]
 [0.25       0.         0.25       0.375      0.         0.
  0.         0.125      0.25       0.375      0.         0.625
  0.5        0.25       0.375]]
 X1_train_KANG 
[[1.         0.88888889 1.         1.         1.         1.
  1.         1.         0.77777778 1.         1.         0.11111111
  1.         0.44444444 0.88888889]
 [1.         1.         1.         1.         1.         1.
  1.         1.         1.         1.         1.         1.
  1.         1.         1.]
 [1.         1.         1.         1.         1.         1.
  1.         1.         1.         1.         1.         1.
  1.         1.         1.]
 [1.         1.         1.         1.         1.         1.
  1.         1.         1.         1.         1.         1.
  1.         1.         1.]
 [1.         1.         1.         1.         1.         1.
  1.         1.         1.         1.         1.         1.
  1.         1.         1.]
 [1.         1.         1.         1.         1.         1.
  1.         1.         1.         1.         1.         1.
  1.         1.         1.]]
 X1_train_RG 
[[0.375 0.375 0.375 0.375 0.375 0.375 0.375 0.375 0.375 0.375 0.375 0.375
  0.375 0.375 0.375]
 [0.    0.    0.    0.    0.    0.    0.    0.    0.    0.    0.    0.
  0.    0.    0.]
 [0.25  0.25  0.25  0.25  0.25  0.25  0.25  0.25  0.25  0.25  0.25  0.25
  0.25  0.25  0.25]
 [0.125 0.125 0.125 0.125 0.125 0.125 0.125 0.125 0.125 0.125 0.125 0.125
  0.125 0.125 0.125]
 [0.125 0.125 0.125 0.125 0.125 0.125 0.125 0.125 0.125 0.125 0.125 0.125
  0.125 0.125 0.125]
 [0.    0.    0.    0.    0.    0.    0.    0.    0.    0.    0.    0.
  0.    0.    0.]]
 X2_train_RG 
[[0.125 0.125 0.125 0.125 0.125 0.125 0.125 0.125 0.125 0.125 0.125 0.125
  0.125 0.125 0.125]
 [0.    0.    0.    0.    0.    0.    0.    0.    0.    0.    0.    0.
  0.    0.    0.]
 [0.125 0.125 0.125 0.125 0.125 0.125 0.125 0.125 0.125 0.125 0.125 0.125
  0.125 0.125 0.125]
 [0.    0.    0.    0.    0.    0.    0.    0.    0.    0.    0.    0.
  0.    0.    0.]
 [0.125 0.125 0.125 0.125 0.125 0.125 0.125 0.125 0.125 0.125 0.125 0.125
  0.125 0.125 0.125]
 [0.    0.    0.    0.    0.    0.    0.    0.    0.    0.    0.    0.
  0.    0.    0.]]
 
 
