
 
 List of mapped features 
 [2, 3, 5, 8, 10, 12]
 
 F1 for across trials and perm 
 X1_train 
[[0.13333333 0.23333333 0.08333333 0.11666667 0.21666667 0.08333333
  0.01666667 0.01666667 0.15       0.05       0.05       0.06666667
  0.15       0.1        0.06666667]
 [0.05084746 0.18644068 0.05084746 0.11864407 0.01694915 0.06779661
  0.16949153 0.13559322 0.08474576 0.05084746 0.10169492 0.10169492
  0.05084746 0.11864407 0.08474576]
 [0.19298246 0.26315789 0.36842105 0.07017544 0.12280702 0.26315789
  0.0877193  0.0877193  0.31578947 0.28070175 0.19298246 0.22807018
  0.22807018 0.15789474 0.14035088]
 [0.40740741 0.40740741 0.33333333 0.35185185 0.33333333 0.2962963
  0.24074074 0.2962963  0.31481481 0.2037037  0.38888889 0.37037037
  0.24074074 0.31481481 0.44444444]
 [0.36538462 0.25       0.26923077 0.32692308 0.36538462 0.26923077
  0.34615385 0.28846154 0.46153846 0.42307692 0.19230769 0.19230769
  0.17307692 0.09615385 0.19230769]
 [0.34       0.26       0.4        0.32       0.36       0.34
  0.42       0.3        0.28       0.38       0.34       0.38
  0.3        0.34       0.44]]
 X2_train 
[[0.01666667 0.03333333 0.01666667 0.01666667 0.01666667 0.
  0.03333333 0.01666667 0.01666667 0.05       0.01666667 0.01666667
  0.01666667 0.         0.08333333]
 [0.         0.         0.03389831 0.03389831 0.01694915 0.01694915
  0.         0.         0.05084746 0.01694915 0.         0.06779661
  0.01694915 0.01694915 0.]
 [0.05263158 0.01754386 0.         0.01754386 0.03508772 0.01754386
  0.05263158 0.         0.01754386 0.01754386 0.05263158 0.01754386
  0.01754386 0.01754386 0.01754386]
 [0.         0.05555556 0.09259259 0.01851852 0.01851852 0.
  0.         0.05555556 0.01851852 0.         0.05555556 0.05555556
  0.01851852 0.01851852 0.01851852]
 [0.         0.03846154 0.01923077 0.01923077 0.01923077 0.03846154
  0.         0.03846154 0.01923077 0.01923077 0.01923077 0.
  0.         0.01923077 0.05769231]
 [0.06       0.06       0.04       0.04       0.04       0.
  0.         0.04       0.06       0.04       0.04       0.
  0.04       0.02       0.]]
 X1_train_sim_Cor 
[[0.08333333 0.1        0.08333333 0.1        0.11666667 0.01666667
  0.01666667 0.01666667 0.01666667 0.01666667 0.1        0.11666667
  0.08333333 0.11666667 0.08333333]
 [0.15254237 0.16949153 0.13559322 0.13559322 0.13559322 0.08474576
  0.08474576 0.08474576 0.08474576 0.08474576 0.13559322 0.13559322
  0.11864407 0.16949153 0.15254237]
 [0.15789474 0.1754386  0.1754386  0.19298246 0.1754386  0.35087719
  0.36842105 0.36842105 0.36842105 0.38596491 0.21052632 0.21052632
  0.19298246 0.1754386  0.19298246]
 [0.35185185 0.35185185 0.35185185 0.35185185 0.35185185 0.40740741
  0.42592593 0.37037037 0.40740741 0.38888889 0.38888889 0.44444444
  0.42592593 0.40740741 0.38888889]
 [0.23076923 0.25       0.25       0.26923077 0.26923077 0.42307692
  0.44230769 0.42307692 0.46153846 0.42307692 0.36538462 0.38461538
  0.38461538 0.38461538 0.36538462]
 [0.46       0.42       0.4        0.4        0.42       0.36
  0.34       0.38       0.36       0.34       0.52       0.5
  0.5        0.48       0.54]]
 X2_train_sim_Cor 
[[0.         0.01666667 0.         0.01666667 0.         0.05
  0.         0.01666667 0.         0.         0.         0.03333333
  0.03333333 0.01666667 0.]
 [0.01694915 0.         0.         0.01694915 0.01694915 0.03389831
  0.         0.         0.01694915 0.         0.         0.01694915
  0.         0.01694915 0.]
 [0.03508772 0.         0.         0.03508772 0.         0.
  0.03508772 0.01754386 0.05263158 0.         0.         0.01754386
  0.07017544 0.05263158 0.]
 [0.         0.03703704 0.03703704 0.11111111 0.         0.01851852
  0.03703704 0.05555556 0.         0.01851852 0.01851852 0.03703704
  0.05555556 0.01851852 0.]
 [0.         0.01923077 0.01923077 0.01923077 0.05769231 0.
  0.05769231 0.03846154 0.03846154 0.         0.03846154 0.01923077
  0.01923077 0.11538462 0.]
 [0.06       0.02       0.06       0.04       0.06       0.
  0.         0.         0.04       0.02       0.04       0.
  0.02       0.02       0.]]
 X1_train_CL 
[[0.15       0.1        0.05       0.11666667 0.1        0.08333333
  0.03333333 0.1        0.13333333 0.06666667 0.23333333 0.13333333
  0.18333333 0.18333333 0.13333333]
 [0.13559322 0.16949153 0.05084746 0.03389831 0.15254237 0.11864407
  0.13559322 0.18644068 0.05084746 0.15254237 0.08474576 0.16949153
  0.11864407 0.         0.10169492]
 [0.22807018 0.31578947 0.24561404 0.38596491 0.26315789 0.24561404
  0.19298246 0.26315789 0.24561404 0.21052632 0.24561404 0.1754386
  0.22807018 0.1754386  0.28070175]
 [0.42592593 0.2037037  0.31481481 0.31481481 0.44444444 0.27777778
  0.24074074 0.35185185 0.24074074 0.44444444 0.46296296 0.31481481
  0.38888889 0.38888889 0.33333333]
 [0.28846154 0.25       0.19230769 0.26923077 0.25       0.36538462
  0.40384615 0.28846154 0.17307692 0.5        0.21153846 0.19230769
  0.11538462 0.30769231 0.17307692]
 [0.42       0.38       0.52       0.38       0.54       0.34
  0.5        0.52       0.54       0.5        0.42       0.5
  0.56       0.48       0.38]]
 X2_train_CL 
[[0.         0.         0.01666667 0.03333333 0.01666667 0.
  0.01666667 0.01666667 0.         0.         0.01666667 0.
  0.         0.03333333 0.05]
 [0.01694915 0.01694915 0.03389831 0.01694915 0.         0.01694915
  0.         0.03389831 0.         0.03389831 0.01694915 0.
  0.         0.         0.01694915]
 [0.07017544 0.01754386 0.01754386 0.0877193  0.01754386 0.05263158
  0.05263158 0.01754386 0.01754386 0.01754386 0.03508772 0.
  0.01754386 0.         0.01754386]
 [0.         0.05555556 0.05555556 0.01851852 0.         0.01851852
  0.01851852 0.01851852 0.03703704 0.01851852 0.         0.03703704
  0.05555556 0.01851852 0.07407407]
 [0.01923077 0.         0.01923077 0.         0.01923077 0.01923077
  0.01923077 0.03846154 0.         0.05769231 0.03846154 0.
  0.01923077 0.05769231 0.]
 [0.06       0.08       0.1        0.06       0.04       0.
  0.         0.         0.         0.02       0.04       0.
  0.04       0.06       0.]]
 X1_train_CL_Dec 
[[0.08333333 0.16666667 0.1        0.11666667 0.1        0.08333333
  0.03333333 0.05       0.06666667 0.06666667 0.05       0.08333333
  0.11666667 0.1        0.15]
 [0.13559322 0.03389831 0.10169492 0.11864407 0.10169492 0.11864407
  0.05084746 0.06779661 0.10169492 0.10169492 0.08474576 0.16949153
  0.03389831 0.03389831 0.06779661]
 [0.22807018 0.15789474 0.14035088 0.1754386  0.19298246 0.14035088
  0.15789474 0.05263158 0.19298246 0.22807018 0.15789474 0.21052632
  0.19298246 0.15789474 0.19298246]
 [0.31481481 0.25925926 0.22222222 0.35185185 0.27777778 0.11111111
  0.33333333 0.12962963 0.18518519 0.12962963 0.25925926 0.12962963
  0.12962963 0.2962963  0.33333333]
 [0.30769231 0.01923077 0.26923077 0.25       0.23076923 0.28846154
  0.21153846 0.30769231 0.19230769 0.30769231 0.21153846 0.09615385
  0.28846154 0.11538462 0.17307692]
 [0.3        0.4        0.34       0.44       0.18       0.36
  0.32       0.3        0.38       0.42       0.3        0.44
  0.4        0.42       0.4]]
 X2_train_CL_Dec 
[[0.         0.03333333 0.01666667 0.06666667 0.         0.01666667
  0.03333333 0.03333333 0.03333333 0.01666667 0.06666667 0.
  0.01666667 0.03333333 0.01666667]
 [0.05084746 0.         0.01694915 0.05084746 0.05084746 0.06779661
  0.         0.05084746 0.01694915 0.01694915 0.01694915 0.03389831
  0.         0.01694915 0.01694915]
 [0.01754386 0.01754386 0.03508772 0.03508772 0.01754386 0.05263158
  0.03508772 0.07017544 0.01754386 0.         0.         0.
  0.03508772 0.05263158 0.01754386]
 [0.         0.03703704 0.05555556 0.07407407 0.01851852 0.03703704
  0.         0.01851852 0.05555556 0.01851852 0.01851852 0.
  0.03703704 0.         0.01851852]
 [0.         0.         0.01923077 0.         0.01923077 0.01923077
  0.01923077 0.09615385 0.         0.01923077 0.01923077 0.
  0.         0.         0.03846154]
 [0.02       0.06       0.06       0.04       0.06       0.02
  0.         0.02       0.         0.04       0.02       0.
  0.06       0.02       0.]]
 X1_train_CL_Dec_KMFl 
[[0.28333333 0.33333333 0.31666667 0.16666667 0.36666667 0.11666667
  0.18333333 0.08333333 0.21666667 0.23333333 0.05       0.25
  0.16666667 0.16666667 0.23333333]
 [0.16949153 0.22033898 0.15254237 0.16949153 0.23728814 0.15254237
  0.15254237 0.28813559 0.22033898 0.28813559 0.3220339  0.3220339
  0.3220339  0.30508475 0.15254237]
 [0.36842105 0.31578947 0.33333333 0.19298246 0.1754386  0.49122807
  0.49122807 0.57894737 0.59649123 0.52631579 0.21052632 0.36842105
  0.21052632 0.24561404 0.26315789]
 [0.46296296 0.55555556 0.51851852 0.46296296 0.55555556 0.31481481
  0.44444444 0.48148148 0.37037037 0.42592593 0.48148148 0.5
  0.48148148 0.5        0.57407407]
 [0.36538462 0.42307692 0.44230769 0.44230769 0.42307692 0.46153846
  0.44230769 0.42307692 0.36538462 0.38461538 0.46153846 0.38461538
  0.57692308 0.46153846 0.55769231]
 [0.48       0.48       0.56       0.46       0.46       0.5
  0.5        0.4        0.42       0.42       0.44       0.5
  0.4        0.48       0.54]]
 X2_train_CL_Dec_KMFl 
[[0.05       0.03333333 0.         0.01666667 0.01666667 0.03333333
  0.01666667 0.01666667 0.01666667 0.01666667 0.         0.
  0.         0.         0.01666667]
 [0.03389831 0.         0.         0.03389831 0.         0.01694915
  0.01694915 0.01694915 0.01694915 0.01694915 0.03389831 0.01694915
  0.         0.         0.01694915]
 [0.01754386 0.         0.01754386 0.03508772 0.         0.01754386
  0.01754386 0.01754386 0.01754386 0.         0.05263158 0.01754386
  0.0877193  0.03508772 0.]
 [0.         0.05555556 0.01851852 0.09259259 0.         0.05555556
  0.01851852 0.         0.01851852 0.01851852 0.03703704 0.01851852
  0.01851852 0.01851852 0.05555556]
 [0.03846154 0.01923077 0.01923077 0.         0.01923077 0.
  0.05769231 0.03846154 0.01923077 0.05769231 0.05769231 0.01923077
  0.         0.03846154 0.03846154]
 [0.04       0.04       0.08       0.04       0.06       0.
  0.         0.         0.04       0.02       0.04       0.
  0.04       0.06       0.]]
 X1_train_CL_Dec_KMFen 
[[0.21666667 0.2        0.23333333 0.3        0.2        0.08333333
  0.1        0.11666667 0.13333333 0.13333333 0.11666667 0.2
  0.31666667 0.13333333 0.35]
 [0.10169492 0.15254237 0.18644068 0.13559322 0.27118644 0.22033898
  0.13559322 0.16949153 0.16949153 0.33898305 0.3559322  0.40677966
  0.38983051 0.30508475 0.20338983]
 [0.33333333 0.33333333 0.29824561 0.26315789 0.26315789 0.54385965
  0.40350877 0.49122807 0.47368421 0.38596491 0.26315789 0.21052632
  0.31578947 0.31578947 0.22807018]
 [0.42592593 0.48148148 0.51851852 0.5        0.51851852 0.33333333
  0.42592593 0.48148148 0.46296296 0.35185185 0.42592593 0.46296296
  0.55555556 0.44444444 0.55555556]
 [0.28846154 0.30769231 0.40384615 0.42307692 0.25       0.44230769
  0.34615385 0.5        0.42307692 0.48076923 0.46153846 0.5
  0.51923077 0.46153846 0.51923077]
 [0.54       0.46       0.62       0.54       0.6        0.5
  0.42       0.48       0.4        0.44       0.48       0.52
  0.42       0.52       0.5]]
 X2_train_CL_Dec_KMFen 
[[0.01666667 0.         0.01666667 0.05       0.01666667 0.01666667
  0.         0.03333333 0.01666667 0.         0.01666667 0.
  0.         0.03333333 0.03333333]
 [0.01694915 0.01694915 0.01694915 0.         0.         0.01694915
  0.         0.         0.         0.01694915 0.01694915 0.03389831
  0.06779661 0.         0.01694915]
 [0.01754386 0.03508772 0.01754386 0.03508772 0.01754386 0.03508772
  0.07017544 0.03508772 0.01754386 0.01754386 0.03508772 0.01754386
  0.05263158 0.01754386 0.]
 [0.         0.03703704 0.03703704 0.03703704 0.01851852 0.03703704
  0.03703704 0.01851852 0.         0.05555556 0.03703704 0.03703704
  0.03703704 0.03703704 0.03703704]
 [0.03846154 0.         0.         0.01923077 0.03846154 0.
  0.01923077 0.03846154 0.03846154 0.01923077 0.         0.03846154
  0.01923077 0.01923077 0.03846154]
 [0.04       0.02       0.06       0.06       0.02       0.
  0.         0.         0.04       0.06       0.06       0.
  0.04       0.02       0.]]
 X1_train_KANG 
[[0.16666667 0.1        0.15       0.06666667 0.13333333 0.01666667
  0.06666667 0.1        0.1        0.08333333 0.06666667 0.06666667
  0.03333333 0.1        0.08333333]
 [0.06779661 0.06779661 0.03389831 0.06779661 0.08474576 0.08474576
  0.11864407 0.11864407 0.08474576 0.11864407 0.15254237 0.05084746
  0.05084746 0.05084746 0.06779661]
 [0.12280702 0.07017544 0.1754386  0.1754386  0.10526316 0.10526316
  0.1754386  0.10526316 0.0877193  0.07017544 0.05263158 0.07017544
  0.05263158 0.05263158 0.0877193]
 [0.22222222 0.03703704 0.14814815 0.2037037  0.07407407 0.07407407
  0.05555556 0.24074074 0.09259259 0.16666667 0.24074074 0.07407407
  0.01851852 0.2037037  0.18518519]
 [0.13461538 0.11538462 0.19230769 0.11538462 0.03846154 0.23076923
  0.13461538 0.23076923 0.25       0.17307692 0.01923077 0.01923077
  0.05769231 0.28846154 0.11538462]
 [0.24       0.24       0.22       0.26       0.26       0.1
  0.4        0.16       0.18       0.18       0.3        0.3
  0.36       0.24       0.12]]
 X1_train_RG 
[[0.   0.   0.   0.   0.   0.   0.   0.   0.   0.   0.   0.   0.   0.
  0.]
 [0.02 0.02 0.02 0.02 0.02 0.02 0.02 0.02 0.02 0.02 0.02 0.02 0.02 0.02
  0.02]
 [0.02 0.02 0.02 0.02 0.02 0.02 0.02 0.02 0.02 0.02 0.02 0.02 0.02 0.02
  0.02]
 [0.   0.   0.   0.   0.   0.   0.   0.   0.   0.   0.   0.   0.   0.
  0.]
 [0.   0.   0.   0.   0.   0.   0.   0.   0.   0.   0.   0.   0.   0.
  0.]
 [0.   0.   0.   0.   0.   0.   0.   0.   0.   0.   0.   0.   0.   0.
  0.]]
 X2_train_RG 
[[0.02 0.02 0.02 0.02 0.02 0.02 0.02 0.02 0.02 0.02 0.02 0.02 0.02 0.02
  0.02]
 [0.04 0.04 0.04 0.04 0.04 0.04 0.04 0.04 0.04 0.04 0.04 0.04 0.04 0.04
  0.04]
 [0.04 0.04 0.04 0.04 0.04 0.04 0.04 0.04 0.04 0.04 0.04 0.04 0.04 0.04
  0.04]
 [0.02 0.02 0.02 0.02 0.02 0.02 0.02 0.02 0.02 0.02 0.02 0.02 0.02 0.02
  0.02]
 [0.   0.   0.   0.   0.   0.   0.   0.   0.   0.   0.   0.   0.   0.
  0.]
 [0.   0.   0.   0.   0.   0.   0.   0.   0.   0.   0.   0.   0.   0.
  0.]]
 
 
