
 
 List of mapped features 
 [500, 1000, 2000, 5000, 10000]
 
 F1 for across trials and perm 
 X1_train 
[[0.37142857 0.17142857 0.28571429 0.11428571 0.14285714 0.31428571
  0.28571429 0.42857143 0.02857143 0.25714286 0.31428571 0.2
  0.37142857 0.31428571 0.14285714]
 [0.17142857 0.4        0.08571429 0.14285714 0.11428571 0.42857143
  0.4        0.31428571 0.08571429 0.25714286 0.22857143 0.4
  0.2        0.22857143 0.17142857]
 [0.94285714 0.71428571 0.85714286 0.62857143 0.88571429 0.82857143
  0.51428571 0.85714286 0.8        0.74285714 0.82857143 0.71428571
  0.8        0.65714286 0.71428571]
 [0.94285714 0.94285714 0.88571429 0.94285714 0.94285714 0.88571429
  0.88571429 0.88571429 0.88571429 0.88571429 0.94285714 0.94285714
  0.94285714 0.94285714 0.94285714]
 [1.         1.         1.         1.         1.         1.
  1.         1.         1.         1.         1.         1.
  1.         1.         0.88571429]]
 X2_train 
[[0.11428571 0.05714286 0.08571429 0.         0.         0.05714286
  0.         0.02857143 0.         0.02857143 0.02857143 0.
  0.         0.         0.]
 [0.         0.02857143 0.05714286 0.11428571 0.         0.02857143
  0.08571429 0.08571429 0.         0.02857143 0.02857143 0.11428571
  0.05714286 0.         0.02857143]
 [0.02857143 0.02857143 0.05714286 0.08571429 0.14285714 0.02857143
  0.11428571 0.08571429 0.05714286 0.05714286 0.02857143 0.
  0.         0.05714286 0.05714286]
 [0.02857143 0.11428571 0.05714286 0.         0.08571429 0.
  0.05714286 0.         0.05714286 0.02857143 0.05714286 0.11428571
  0.11428571 0.02857143 0.02857143]
 [0.         0.05714286 0.08571429 0.14285714 0.11428571 0.02857143
  0.08571429 0.05714286 0.14285714 0.02857143 0.05714286 0.
  0.14285714 0.05714286 0.05714286]]
 X1_train_sim_Cor 
[[0.05714286 0.05714286 0.05714286 0.05714286 0.05714286 0.22857143
  0.22857143 0.22857143 0.22857143 0.22857143 0.31428571 0.31428571
  0.31428571 0.31428571 0.31428571]
 [0.45714286 0.45714286 0.45714286 0.45714286 0.45714286 0.51428571
  0.51428571 0.51428571 0.51428571 0.51428571 0.42857143 0.42857143
  0.42857143 0.42857143 0.42857143]
 [0.71428571 0.71428571 0.71428571 0.71428571 0.71428571 0.91428571
  0.91428571 0.91428571 0.91428571 0.91428571 0.77142857 0.77142857
  0.77142857 0.77142857 0.77142857]
 [1.         1.         1.         1.         1.         1.
  1.         1.         1.         1.         1.         1.
  1.         1.         1.]
 [1.         1.         1.         1.         1.         1.
  1.         1.         1.         1.         1.         1.
  1.         1.         1.]]
 X2_train_sim_Cor 
[[0.         0.08571429 0.         0.08571429 0.05714286 0.02857143
  0.         0.         0.05714286 0.         0.         0.02857143
  0.         0.         0.]
 [0.02857143 0.         0.         0.         0.         0.
  0.02857143 0.02857143 0.05714286 0.         0.11428571 0.05714286
  0.05714286 0.         0.]
 [0.         0.         0.08571429 0.08571429 0.17142857 0.05714286
  0.14285714 0.08571429 0.08571429 0.08571429 0.05714286 0.
  0.         0.02857143 0.05714286]
 [0.02857143 0.11428571 0.05714286 0.         0.08571429 0.
  0.05714286 0.         0.05714286 0.02857143 0.05714286 0.11428571
  0.11428571 0.02857143 0.]
 [0.         0.05714286 0.08571429 0.11428571 0.11428571 0.02857143
  0.08571429 0.05714286 0.14285714 0.02857143 0.05714286 0.
  0.14285714 0.05714286 0.05714286]]
 X1_train_CL 
[[0.14285714 0.31428571 0.2        0.54285714 0.17142857 0.57142857
  0.51428571 0.4        0.51428571 0.2        0.37142857 0.28571429
  0.28571429 0.31428571 0.22857143]
 [0.4        0.57142857 0.6        0.28571429 0.37142857 0.51428571
  0.51428571 0.71428571 0.71428571 0.74285714 0.42857143 0.4
  0.54285714 0.48571429 0.68571429]
 [0.6        0.51428571 0.91428571 0.51428571 0.4        0.51428571
  0.94285714 0.65714286 0.85714286 1.         0.54285714 0.45714286
  0.68571429 0.6        0.71428571]
 [0.54285714 0.88571429 0.88571429 0.8        0.94285714 0.71428571
  0.77142857 0.94285714 0.85714286 0.65714286 0.77142857 0.77142857
  1.         0.42857143 0.71428571]
 [0.94285714 0.77142857 0.88571429 1.         0.91428571 0.82857143
  0.91428571 0.8        0.82857143 1.         0.54285714 0.65714286
  1.         0.88571429 0.88571429]]
 X2_train_CL 
[[0.02857143 0.02857143 0.02857143 0.02857143 0.         0.02857143
  0.         0.02857143 0.02857143 0.02857143 0.         0.
  0.         0.05714286 0.02857143]
 [0.11428571 0.02857143 0.02857143 0.02857143 0.02857143 0.02857143
  0.08571429 0.08571429 0.05714286 0.05714286 0.14285714 0.02857143
  0.08571429 0.         0.02857143]
 [0.         0.         0.05714286 0.08571429 0.22857143 0.
  0.11428571 0.08571429 0.05714286 0.08571429 0.05714286 0.
  0.         0.05714286 0.08571429]
 [0.         0.05714286 0.05714286 0.         0.08571429 0.
  0.05714286 0.         0.02857143 0.02857143 0.05714286 0.08571429
  0.11428571 0.02857143 0.]
 [0.         0.05714286 0.08571429 0.11428571 0.11428571 0.02857143
  0.08571429 0.02857143 0.11428571 0.02857143 0.05714286 0.
  0.14285714 0.         0.05714286]]
 X1_train_CL_Dec 
[[0.68571429 0.54285714 0.68571429 0.51428571 0.82857143 0.48571429
  0.65714286 0.62857143 0.71428571 0.74285714 0.94285714 0.68571429
  0.4        0.48571429 0.6]
 [0.54285714 0.77142857 0.65714286 1.         1.         0.88571429
  0.82857143 0.82857143 0.68571429 0.88571429 0.82857143 0.94285714
  0.91428571 0.82857143 0.51428571]
 [0.82857143 0.94285714 0.8        0.65714286 1.         0.94285714
  1.         1.         1.         0.82857143 0.88571429 1.
  0.71428571 0.88571429 0.94285714]
 [1.         1.         1.         1.         0.94285714 1.
  0.91428571 0.94285714 1.         1.         1.         0.88571429
  1.         0.94285714 0.94285714]
 [1.         1.         1.         0.94285714 1.         1.
  0.94285714 1.         1.         1.         1.         1.
  1.         1.         0.94285714]]
 X2_train_CL_Dec 
[[0.08571429 0.02857143 0.05714286 0.         0.02857143 0.05714286
  0.         0.02857143 0.02857143 0.         0.02857143 0.
  0.02857143 0.05714286 0.02857143]
 [0.05714286 0.         0.02857143 0.02857143 0.02857143 0.02857143
  0.11428571 0.05714286 0.02857143 0.02857143 0.02857143 0.11428571
  0.08571429 0.         0.02857143]
 [0.         0.05714286 0.11428571 0.02857143 0.22857143 0.08571429
  0.14285714 0.08571429 0.05714286 0.05714286 0.05714286 0.
  0.02857143 0.02857143 0.08571429]
 [0.02857143 0.11428571 0.05714286 0.         0.08571429 0.
  0.05714286 0.         0.05714286 0.02857143 0.05714286 0.11428571
  0.11428571 0.02857143 0.]
 [0.         0.05714286 0.08571429 0.11428571 0.11428571 0.02857143
  0.08571429 0.05714286 0.14285714 0.02857143 0.05714286 0.
  0.14285714 0.05714286 0.05714286]]
 X1_train_CL_Dec_KMFl 
[[0.14285714 0.14285714 0.14285714 0.2        0.2        0.45714286
  0.42857143 0.37142857 0.45714286 0.4        0.34285714 0.34285714
  0.37142857 0.45714286 0.42857143]
 [0.8        0.65714286 0.68571429 0.71428571 0.71428571 0.6
  0.57142857 0.6        0.6        0.6        0.62857143 0.6
  0.57142857 0.65714286 0.62857143]
 [0.8        0.74285714 0.71428571 0.74285714 0.82857143 1.
  0.94285714 1.         1.         1.         0.94285714 1.
  0.85714286 1.         0.85714286]
 [1.         1.         1.         1.         1.         1.
  1.         1.         1.         1.         1.         1.
  1.         1.         1.]
 [1.         1.         1.         1.         1.         1.
  1.         1.         1.         1.         1.         1.
  1.         1.         1.]]
 X2_train_CL_Dec_KMFl 
[[0.02857143 0.02857143 0.         0.02857143 0.02857143 0.05714286
  0.05714286 0.         0.05714286 0.         0.         0.02857143
  0.         0.02857143 0.]
 [0.05714286 0.02857143 0.         0.02857143 0.02857143 0.
  0.08571429 0.05714286 0.02857143 0.         0.08571429 0.05714286
  0.05714286 0.         0.]
 [0.         0.         0.08571429 0.08571429 0.17142857 0.05714286
  0.14285714 0.08571429 0.05714286 0.08571429 0.05714286 0.
  0.02857143 0.02857143 0.05714286]
 [0.02857143 0.11428571 0.05714286 0.         0.08571429 0.
  0.05714286 0.         0.05714286 0.02857143 0.05714286 0.11428571
  0.11428571 0.02857143 0.]
 [0.         0.05714286 0.08571429 0.11428571 0.11428571 0.02857143
  0.08571429 0.05714286 0.14285714 0.02857143 0.05714286 0.
  0.14285714 0.05714286 0.05714286]]
 X1_train_CL_Dec_KMFen 
[[0.11428571 0.11428571 0.11428571 0.17142857 0.02857143 0.22857143
  0.31428571 0.28571429 0.25714286 0.22857143 0.05714286 0.22857143
  0.2        0.05714286 0.08571429]
 [0.4        0.4        0.42857143 0.45714286 0.42857143 0.45714286
  0.48571429 0.37142857 0.4        0.37142857 0.51428571 0.45714286
  0.45714286 0.45714286 0.51428571]
 [0.71428571 0.65714286 0.71428571 0.71428571 0.74285714 0.77142857
  0.8        0.85714286 0.85714286 0.91428571 0.68571429 0.62857143
  0.65714286 0.65714286 0.68571429]
 [1.         0.91428571 0.94285714 1.         0.94285714 0.88571429
  0.88571429 0.8        0.8        0.94285714 1.         1.
  1.         1.         1.]
 [1.         1.         1.         0.94285714 1.         1.
  0.94285714 0.94285714 1.         0.94285714 0.94285714 1.
  1.         1.         1.]]
 X2_train_CL_Dec_KMFen 
[[0.02857143 0.05714286 0.02857143 0.08571429 0.         0.05714286
  0.02857143 0.         0.05714286 0.02857143 0.         0.
  0.         0.         0.02857143]
 [0.02857143 0.02857143 0.02857143 0.02857143 0.02857143 0.02857143
  0.02857143 0.02857143 0.05714286 0.         0.08571429 0.08571429
  0.02857143 0.02857143 0.02857143]
 [0.         0.         0.08571429 0.05714286 0.17142857 0.05714286
  0.11428571 0.08571429 0.08571429 0.05714286 0.05714286 0.
  0.         0.02857143 0.08571429]
 [0.02857143 0.08571429 0.05714286 0.         0.08571429 0.
  0.05714286 0.         0.05714286 0.02857143 0.05714286 0.11428571
  0.11428571 0.02857143 0.]
 [0.         0.05714286 0.08571429 0.14285714 0.11428571 0.02857143
  0.08571429 0.02857143 0.14285714 0.05714286 0.05714286 0.
  0.14285714 0.05714286 0.05714286]]
 X1_train_KANG 
[[0.02857143 0.02857143 0.08571429 0.         0.02857143 0.
  0.05714286 0.14285714 0.08571429 0.05714286 0.08571429 0.02857143
  0.02857143 0.05714286 0.02857143]
 [0.02857143 0.02857143 0.11428571 0.05714286 0.11428571 0.14285714
  0.08571429 0.11428571 0.05714286 0.11428571 0.05714286 0.11428571
  0.11428571 0.05714286 0.08571429]
 [0.28571429 0.11428571 0.17142857 0.28571429 0.2        0.37142857
  0.48571429 0.11428571 0.42857143 0.4        0.22857143 0.48571429
  0.2        0.22857143 0.4]
 [0.08571429 0.54285714 0.57142857 0.31428571 0.25714286 0.65714286
  0.51428571 0.34285714 0.65714286 0.4        0.37142857 0.37142857
  0.68571429 0.71428571 0.22857143]
 [0.42857143 0.22857143 0.51428571 0.77142857 0.37142857 0.68571429
  0.57142857 0.6        0.65714286 0.8        0.4        0.57142857
  0.34285714 0.48571429 0.45714286]]
 X1_train_RG 
[[0.05714286 0.05714286 0.05714286 0.05714286 0.05714286 0.05714286
  0.05714286 0.05714286 0.05714286 0.05714286 0.05714286 0.05714286
  0.05714286 0.05714286 0.05714286]
 [0.08571429 0.08571429 0.08571429 0.08571429 0.08571429 0.08571429
  0.08571429 0.08571429 0.08571429 0.08571429 0.08571429 0.08571429
  0.08571429 0.08571429 0.08571429]
 [0.         0.         0.         0.         0.         0.
  0.         0.         0.         0.         0.         0.
  0.         0.         0.]
 [0.         0.         0.         0.         0.         0.
  0.         0.         0.         0.         0.         0.
  0.         0.         0.]
 [0.02857143 0.02857143 0.02857143 0.02857143 0.02857143 0.02857143
  0.02857143 0.02857143 0.02857143 0.02857143 0.02857143 0.02857143
  0.02857143 0.02857143 0.02857143]]
 X2_train_RG 
[[0.02857143 0.02857143 0.02857143 0.02857143 0.02857143 0.02857143
  0.02857143 0.02857143 0.02857143 0.02857143 0.02857143 0.02857143
  0.02857143 0.02857143 0.02857143]
 [0.11428571 0.11428571 0.11428571 0.11428571 0.11428571 0.11428571
  0.11428571 0.11428571 0.11428571 0.11428571 0.11428571 0.11428571
  0.11428571 0.11428571 0.11428571]
 [0.05714286 0.05714286 0.05714286 0.05714286 0.05714286 0.05714286
  0.05714286 0.05714286 0.05714286 0.05714286 0.05714286 0.05714286
  0.05714286 0.05714286 0.05714286]
 [0.         0.         0.         0.         0.         0.
  0.         0.         0.         0.         0.         0.
  0.         0.         0.]
 [0.02857143 0.02857143 0.02857143 0.02857143 0.02857143 0.02857143
  0.02857143 0.02857143 0.02857143 0.02857143 0.02857143 0.02857143
  0.02857143 0.02857143 0.02857143]]
 
 
