
 
 List of total features in large database when small database has 25 features 
 [25, 30, 35, 40, 45]
 
 F1 for across trials and perm 
 X1_train 
[[1.   0.85 1.   1.   1.   0.85 1.   0.9  0.85 1.   1.   1.   1.   1.
  1.]
 [1.   1.   1.   1.   1.   0.9  0.9  1.   1.   0.85 0.95 0.95 0.95 0.95
  0.95]
 [0.95 1.   0.85 1.   1.   0.9  0.85 0.85 0.85 1.   0.95 0.95 0.95 0.9
  0.9]
 [1.   1.   1.   0.95 1.   1.   0.9  1.   0.9  1.   0.95 0.95 0.95 0.95
  0.95]
 [1.   0.95 0.95 0.95 0.95 0.9  0.9  0.9  1.   1.   0.95 0.95 0.95 0.95
  0.95]]
 X2_train 
[[1.   1.   1.   1.   1.   0.9  1.   1.   0.85 0.9  0.9  0.9  0.9  0.9
  0.9]
 [0.95 0.95 0.95 0.95 0.95 0.9  0.75 0.9  0.9  0.9  0.7  0.7  0.8  0.7
  0.7]
 [0.85 0.85 0.85 0.85 0.85 0.7  0.75 0.75 0.75 0.7  0.7  0.7  0.7  0.7
  0.7]
 [0.7  0.7  0.7  0.7  0.7  0.75 0.75 0.75 0.65 0.75 0.55 0.55 0.55 0.55
  0.55]
 [0.7  0.7  0.65 0.65 0.65 0.6  0.65 0.65 0.6  0.6  0.5  0.5  0.5  0.5
  0.5]]
 X1_train_sim_Cor 
[[0.85 0.85 0.85 0.85 0.85 1.   1.   1.   1.   1.   1.   1.   1.   1.
  1.]
 [0.85 0.85 0.85 0.85 0.85 0.95 0.95 0.95 0.95 0.95 0.85 0.85 0.85 0.85
  0.85]
 [0.85 0.85 0.85 0.85 0.85 0.9  0.9  0.9  0.9  0.9  0.8  0.8  0.8  0.8
  0.8]
 [0.85 0.85 0.85 0.85 0.85 0.9  0.9  0.9  0.9  0.9  0.8  0.8  0.8  0.8
  0.8]
 [0.85 0.85 0.85 0.85 0.85 0.9  0.9  0.9  0.9  0.9  0.8  0.8  0.8  0.8
  0.8]]
 X2_train_sim_Cor 
[[0.85 0.85 0.85 0.85 0.85 1.   1.   1.   1.   1.   1.   1.   1.   1.
  1.]
 [0.85 0.85 0.85 0.85 0.85 0.95 0.95 0.95 0.95 0.95 0.85 0.85 0.85 0.85
  0.85]
 [0.85 0.85 0.85 0.85 0.85 0.9  0.9  0.9  0.9  0.9  0.8  0.8  0.8  0.8
  0.8]
 [0.85 0.85 0.85 0.85 0.85 0.9  0.9  0.9  0.9  0.9  0.8  0.8  0.8  0.8
  0.8]
 [0.85 0.85 0.85 0.85 0.85 0.9  0.9  0.9  0.9  0.9  0.8  0.8  0.8  0.8
  0.8]]
 X1_train_CL 
[[1.   1.   1.   1.   1.   1.   1.   1.   1.   1.   1.   1.   1.   1.
  1.]
 [1.   0.95 1.   1.   1.   0.9  1.   1.   1.   1.   0.95 1.   0.95 0.95
  0.85]
 [0.95 0.95 0.95 1.   1.   1.   0.9  1.   1.   1.   0.95 0.9  0.95 0.95
  0.95]
 [0.85 0.9  0.95 0.9  0.8  0.95 0.9  0.9  0.95 0.95 0.95 0.9  0.9  0.95
  0.85]
 [0.9  0.95 0.95 0.9  0.95 1.   0.95 0.95 0.85 1.   0.9  0.85 0.85 0.85
  0.9]]
 X2_train_CL 
[[1.   1.   1.   1.   1.   1.   1.   1.   1.   1.   1.   1.   1.   1.
  1.]
 [1.   0.95 1.   1.   1.   0.9  1.   1.   1.   1.   0.95 1.   0.95 0.95
  0.85]
 [0.95 0.95 0.95 1.   1.   1.   0.9  1.   1.   1.   0.95 0.9  0.95 0.95
  0.95]
 [0.85 0.9  0.95 0.9  0.8  0.95 0.9  0.9  0.95 0.95 0.95 0.9  0.9  0.95
  0.85]
 [0.9  0.95 0.95 0.9  0.95 1.   0.95 0.95 0.85 1.   0.9  0.85 0.85 0.85
  0.9]]
 X1_train_CL_Dec 
[[1.   1.   1.   1.   1.   1.   1.   1.   1.   1.   0.75 1.   0.55 1.
  0.9]
 [0.95 1.   0.95 1.   0.9  1.   1.   1.   0.85 0.9  0.9  1.   0.55 1.
  1.]
 [0.95 0.9  1.   0.95 1.   1.   0.95 1.   0.9  0.9  0.95 0.95 0.95 0.75
  0.8]
 [0.9  1.   1.   0.95 0.85 0.75 0.9  1.   0.9  1.   0.8  0.9  0.6  0.85
  0.95]
 [0.95 0.85 0.95 0.9  0.9  0.8  1.   0.95 0.85 0.7  0.9  0.7  0.85 0.9
  0.65]]
 X2_train_CL_Dec 
[[1.   1.   1.   1.   1.   1.   1.   1.   1.   1.   0.75 1.   0.55 1.
  0.9]
 [0.95 1.   0.95 1.   0.9  1.   1.   1.   0.85 0.9  0.9  1.   0.55 1.
  1.]
 [0.95 0.9  1.   0.95 1.   1.   0.95 1.   0.9  0.9  0.95 0.95 0.95 0.75
  0.8]
 [0.9  1.   1.   0.95 0.85 0.75 0.9  1.   0.9  1.   0.8  0.9  0.6  0.85
  0.95]
 [0.95 0.85 0.95 0.9  0.9  0.8  1.   0.95 0.85 0.7  0.9  0.7  0.85 0.9
  0.65]]
 X1_train_CL_Dec_KMFl 
[[1.   1.   1.   0.9  1.   1.   1.   1.   1.   1.   1.   1.   1.   1.
  1.]
 [1.   0.9  1.   1.   1.   0.95 0.95 0.95 0.95 0.95 0.95 0.95 0.9  0.95
  0.9]
 [1.   1.   1.   1.   1.   0.95 0.95 0.95 0.95 0.95 0.85 0.95 0.9  0.9
  0.9]
 [0.9  0.9  0.9  0.9  0.9  0.95 0.95 0.95 0.95 0.95 0.9  0.85 0.95 0.95
  0.95]
 [0.9  0.9  0.9  0.9  0.9  0.9  0.9  0.9  0.9  0.9  0.85 0.8  0.95 0.85
  0.85]]
 X2_train_CL_Dec_KMFl 
[[1.   1.   1.   0.9  1.   1.   1.   1.   1.   1.   1.   1.   1.   1.
  1.]
 [1.   0.9  1.   1.   1.   0.95 0.95 0.95 0.95 0.95 0.95 0.95 0.9  0.95
  0.9]
 [1.   1.   1.   1.   1.   0.95 0.95 0.95 0.95 0.95 0.85 0.95 0.9  0.9
  0.9]
 [0.9  0.9  0.9  0.9  0.9  0.95 0.95 0.95 0.95 0.95 0.9  0.85 0.95 0.95
  0.95]
 [0.9  0.9  0.9  0.9  0.9  0.9  0.9  0.9  0.9  0.9  0.85 0.8  0.95 0.85
  0.85]]
 X1_train_CL_Dec_KMFen 
[[1.   1.   1.   1.   1.   1.   1.   1.   1.   1.   1.   1.   0.85 1.
  1.]
 [1.   1.   1.   1.   1.   0.95 0.95 0.95 0.95 0.95 0.9  0.95 0.85 0.95
  0.9]
 [1.   1.   1.   1.   1.   0.95 0.95 0.95 0.95 0.95 0.9  0.95 0.95 0.85
  0.95]
 [0.9  0.9  0.9  0.9  0.9  0.9  0.9  0.95 0.9  0.95 0.85 0.85 0.9  0.9
  0.95]
 [0.9  0.85 0.9  0.9  0.9  0.9  0.9  0.85 0.85 0.9  0.9  0.85 0.8  0.8
  0.85]]
 X2_train_CL_Dec_KMFen 
[[1.   1.   1.   1.   1.   1.   1.   1.   1.   1.   1.   1.   0.85 1.
  1.]
 [1.   1.   1.   1.   1.   0.95 0.95 0.95 0.95 0.95 0.9  0.95 0.85 0.95
  0.9]
 [1.   1.   1.   1.   1.   0.95 0.95 0.95 0.95 0.95 0.9  0.95 0.95 0.85
  0.95]
 [0.9  0.9  0.9  0.9  0.9  0.9  0.9  0.95 0.9  0.95 0.85 0.85 0.9  0.9
  0.95]
 [0.9  0.85 0.9  0.9  0.9  0.9  0.9  0.85 0.85 0.9  0.9  0.85 0.8  0.8
  0.85]]
 X1_train_KANG 
[[1.   1.   1.   1.   1.   1.   0.9  1.   1.   1.   0.9  1.   1.   1.
  1.]
 [0.65 0.45 1.   1.   0.45 0.7  0.9  0.9  0.85 0.9  0.95 1.   0.85 0.85
  0.95]
 [0.7  0.8  0.6  0.45 0.45 0.9  0.9  0.4  0.65 1.   0.55 0.95 0.6  0.75
  0.8]
 [0.55 0.5  0.4  0.55 0.2  0.85 0.6  0.7  0.9  0.75 0.65 0.85 0.9  0.8
  0.75]
 [0.65 0.7  0.5  0.65 0.7  0.55 0.45 0.5  0.6  0.75 0.7  0.75 0.4  0.85
  0.2]]
 X2_train_RG 
Blah
