
 
 List of total features in large database when small database has 35 features 
 [35, 40, 45, 50, 55]
 
 F1 for across trials and perm 
 X1_train 
[[0.21818182 0.10909091 0.14545455 0.21818182 0.14545455 0.10909091
  0.25454545 0.21818182 0.32727273 0.21818182 0.29090909 0.25454545
  0.36363636 0.32727273 0.32727273]
 [0.10909091 0.25454545 0.14545455 0.10909091 0.21818182 0.10909091
  0.21818182 0.25454545 0.25454545 0.32727273 0.21818182 0.10909091
  0.18181818 0.21818182 0.10909091]
 [0.18181818 0.21818182 0.18181818 0.25454545 0.25454545 0.21818182
  0.18181818 0.18181818 0.29090909 0.07272727 0.10909091 0.25454545
  0.21818182 0.14545455 0.29090909]
 [0.18181818 0.14545455 0.18181818 0.36363636 0.14545455 0.07272727
  0.14545455 0.25454545 0.21818182 0.10909091 0.18181818 0.18181818
  0.21818182 0.21818182 0.25454545]
 [0.14545455 0.21818182 0.25454545 0.07272727 0.25454545 0.18181818
  0.21818182 0.10909091 0.10909091 0.10909091 0.14545455 0.10909091
  0.07272727 0.07272727 0.10909091]]
 X2_train 
[[0.29090909 0.32727273 0.32727273 0.29090909 0.29090909 0.21818182
  0.21818182 0.21818182 0.29090909 0.18181818 0.36363636 0.50909091
  0.36363636 0.29090909 0.29090909]
 [0.25454545 0.18181818 0.25454545 0.18181818 0.14545455 0.14545455
  0.29090909 0.21818182 0.25454545 0.14545455 0.21818182 0.29090909
  0.18181818 0.25454545 0.25454545]
 [0.14545455 0.14545455 0.10909091 0.14545455 0.18181818 0.14545455
  0.14545455 0.14545455 0.18181818 0.18181818 0.18181818 0.25454545
  0.29090909 0.14545455 0.21818182]
 [0.10909091 0.18181818 0.10909091 0.07272727 0.10909091 0.14545455
  0.10909091 0.18181818 0.14545455 0.10909091 0.18181818 0.14545455
  0.10909091 0.14545455 0.18181818]
 [0.03636364 0.10909091 0.07272727 0.07272727 0.03636364 0.10909091
  0.03636364 0.10909091 0.07272727 0.03636364 0.21818182 0.14545455
  0.18181818 0.14545455 0.14545455]]
 X1_train_sim_Cor 
[[0.4        0.4        0.4        0.4        0.4        0.36363636
  0.36363636 0.36363636 0.29090909 0.29090909 0.29090909 0.29090909
  0.25454545 0.29090909 0.25454545]
 [0.4        0.4        0.4        0.4        0.4        0.32727273
  0.32727273 0.32727273 0.32727273 0.32727273 0.32727273 0.25454545
  0.29090909 0.25454545 0.32727273]
 [0.4        0.4        0.4        0.4        0.4        0.32727273
  0.32727273 0.32727273 0.32727273 0.32727273 0.29090909 0.25454545
  0.29090909 0.29090909 0.25454545]
 [0.36363636 0.36363636 0.36363636 0.36363636 0.36363636 0.29090909
  0.29090909 0.29090909 0.29090909 0.29090909 0.25454545 0.29090909
  0.25454545 0.25454545 0.29090909]
 [0.36363636 0.36363636 0.36363636 0.36363636 0.36363636 0.32727273
  0.32727273 0.32727273 0.32727273 0.32727273 0.32727273 0.29090909
  0.29090909 0.29090909 0.25454545]]
 X2_train_sim_Cor 
[[0.4        0.4        0.4        0.4        0.4        0.36363636
  0.36363636 0.36363636 0.29090909 0.29090909 0.29090909 0.29090909
  0.25454545 0.29090909 0.25454545]
 [0.4        0.4        0.4        0.4        0.4        0.32727273
  0.32727273 0.32727273 0.32727273 0.32727273 0.32727273 0.25454545
  0.29090909 0.25454545 0.32727273]
 [0.4        0.4        0.4        0.4        0.4        0.32727273
  0.32727273 0.32727273 0.32727273 0.32727273 0.29090909 0.25454545
  0.29090909 0.29090909 0.25454545]
 [0.36363636 0.36363636 0.36363636 0.36363636 0.36363636 0.29090909
  0.29090909 0.29090909 0.29090909 0.29090909 0.25454545 0.29090909
  0.25454545 0.25454545 0.29090909]
 [0.36363636 0.36363636 0.36363636 0.36363636 0.36363636 0.32727273
  0.32727273 0.32727273 0.32727273 0.32727273 0.32727273 0.29090909
  0.29090909 0.29090909 0.25454545]]
 X1_train_CL 
[[0.36363636 0.43636364 0.4        0.25454545 0.43636364 0.25454545
  0.29090909 0.21818182 0.21818182 0.10909091 0.10909091 0.25454545
  0.32727273 0.10909091 0.10909091]
 [0.25454545 0.4        0.32727273 0.36363636 0.36363636 0.25454545
  0.29090909 0.18181818 0.21818182 0.21818182 0.18181818 0.14545455
  0.03636364 0.10909091 0.21818182]
 [0.36363636 0.32727273 0.18181818 0.29090909 0.36363636 0.25454545
  0.18181818 0.25454545 0.29090909 0.18181818 0.21818182 0.14545455
  0.07272727 0.         0.21818182]
 [0.32727273 0.36363636 0.32727273 0.18181818 0.21818182 0.18181818
  0.18181818 0.07272727 0.21818182 0.21818182 0.18181818 0.21818182
  0.25454545 0.14545455 0.14545455]
 [0.32727273 0.29090909 0.36363636 0.18181818 0.29090909 0.25454545
  0.07272727 0.14545455 0.25454545 0.29090909 0.07272727 0.21818182
  0.18181818 0.14545455 0.10909091]]
 X2_train_CL 
[[0.36363636 0.43636364 0.4        0.25454545 0.43636364 0.25454545
  0.29090909 0.21818182 0.21818182 0.10909091 0.10909091 0.25454545
  0.32727273 0.10909091 0.10909091]
 [0.25454545 0.4        0.32727273 0.36363636 0.36363636 0.25454545
  0.29090909 0.18181818 0.21818182 0.21818182 0.18181818 0.14545455
  0.03636364 0.10909091 0.21818182]
 [0.36363636 0.32727273 0.18181818 0.29090909 0.36363636 0.25454545
  0.18181818 0.25454545 0.29090909 0.18181818 0.21818182 0.14545455
  0.07272727 0.         0.21818182]
 [0.32727273 0.36363636 0.32727273 0.18181818 0.21818182 0.18181818
  0.18181818 0.07272727 0.21818182 0.21818182 0.18181818 0.21818182
  0.25454545 0.14545455 0.14545455]
 [0.32727273 0.29090909 0.36363636 0.18181818 0.29090909 0.25454545
  0.07272727 0.14545455 0.25454545 0.29090909 0.07272727 0.21818182
  0.18181818 0.14545455 0.10909091]]
 X1_train_CL_Dec 
[[0.32727273 0.21818182 0.21818182 0.29090909 0.21818182 0.18181818
  0.21818182 0.14545455 0.10909091 0.25454545 0.10909091 0.07272727
  0.03636364 0.18181818 0.14545455]
 [0.14545455 0.32727273 0.25454545 0.43636364 0.21818182 0.18181818
  0.14545455 0.18181818 0.18181818 0.18181818 0.07272727 0.10909091
  0.21818182 0.10909091 0.14545455]
 [0.25454545 0.18181818 0.10909091 0.14545455 0.21818182 0.21818182
  0.18181818 0.18181818 0.07272727 0.14545455 0.07272727 0.18181818
  0.14545455 0.03636364 0.10909091]
 [0.10909091 0.21818182 0.14545455 0.18181818 0.14545455 0.07272727
  0.18181818 0.21818182 0.14545455 0.14545455 0.03636364 0.03636364
  0.14545455 0.03636364 0.07272727]
 [0.14545455 0.14545455 0.14545455 0.10909091 0.14545455 0.21818182
  0.07272727 0.14545455 0.14545455 0.14545455 0.10909091 0.03636364
  0.10909091 0.03636364 0.18181818]]
 X2_train_CL_Dec 
[[0.32727273 0.21818182 0.21818182 0.29090909 0.21818182 0.18181818
  0.21818182 0.14545455 0.10909091 0.25454545 0.10909091 0.07272727
  0.03636364 0.18181818 0.14545455]
 [0.14545455 0.32727273 0.25454545 0.43636364 0.21818182 0.18181818
  0.14545455 0.18181818 0.18181818 0.18181818 0.07272727 0.10909091
  0.21818182 0.10909091 0.14545455]
 [0.25454545 0.18181818 0.10909091 0.14545455 0.21818182 0.21818182
  0.18181818 0.18181818 0.07272727 0.14545455 0.07272727 0.18181818
  0.14545455 0.03636364 0.10909091]
 [0.10909091 0.21818182 0.14545455 0.18181818 0.14545455 0.07272727
  0.18181818 0.21818182 0.14545455 0.14545455 0.03636364 0.03636364
  0.14545455 0.03636364 0.07272727]
 [0.14545455 0.14545455 0.14545455 0.10909091 0.14545455 0.21818182
  0.07272727 0.14545455 0.14545455 0.14545455 0.10909091 0.03636364
  0.10909091 0.03636364 0.18181818]]
 X1_train_CL_Dec_KMFl 
[[0.50909091 0.36363636 0.43636364 0.4        0.32727273 0.29090909
  0.18181818 0.29090909 0.21818182 0.43636364 0.18181818 0.14545455
  0.18181818 0.21818182 0.18181818]
 [0.18181818 0.43636364 0.25454545 0.50909091 0.21818182 0.32727273
  0.25454545 0.32727273 0.25454545 0.43636364 0.18181818 0.18181818
  0.21818182 0.25454545 0.21818182]
 [0.4        0.32727273 0.25454545 0.25454545 0.29090909 0.25454545
  0.14545455 0.32727273 0.18181818 0.21818182 0.18181818 0.21818182
  0.18181818 0.07272727 0.36363636]
 [0.18181818 0.29090909 0.10909091 0.21818182 0.29090909 0.29090909
  0.36363636 0.29090909 0.18181818 0.29090909 0.10909091 0.07272727
  0.10909091 0.14545455 0.10909091]
 [0.25454545 0.14545455 0.36363636 0.21818182 0.25454545 0.36363636
  0.18181818 0.18181818 0.21818182 0.32727273 0.21818182 0.14545455
  0.07272727 0.07272727 0.21818182]]
 X2_train_CL_Dec_KMFl 
[[0.50909091 0.36363636 0.43636364 0.4        0.32727273 0.29090909
  0.18181818 0.29090909 0.21818182 0.43636364 0.18181818 0.14545455
  0.18181818 0.21818182 0.18181818]
 [0.18181818 0.43636364 0.25454545 0.50909091 0.21818182 0.32727273
  0.25454545 0.32727273 0.25454545 0.43636364 0.18181818 0.18181818
  0.21818182 0.25454545 0.21818182]
 [0.4        0.32727273 0.25454545 0.25454545 0.29090909 0.25454545
  0.14545455 0.32727273 0.18181818 0.21818182 0.18181818 0.21818182
  0.18181818 0.07272727 0.36363636]
 [0.18181818 0.29090909 0.10909091 0.21818182 0.29090909 0.29090909
  0.36363636 0.29090909 0.18181818 0.29090909 0.10909091 0.07272727
  0.10909091 0.14545455 0.10909091]
 [0.25454545 0.14545455 0.36363636 0.21818182 0.25454545 0.36363636
  0.18181818 0.18181818 0.21818182 0.32727273 0.21818182 0.14545455
  0.07272727 0.07272727 0.21818182]]
 X1_train_CL_Dec_KMFen 
[[0.50909091 0.32727273 0.4        0.4        0.47272727 0.36363636
  0.4        0.47272727 0.25454545 0.43636364 0.25454545 0.18181818
  0.29090909 0.36363636 0.36363636]
 [0.43636364 0.43636364 0.29090909 0.43636364 0.29090909 0.43636364
  0.32727273 0.36363636 0.29090909 0.4        0.29090909 0.25454545
  0.25454545 0.4        0.29090909]
 [0.32727273 0.32727273 0.32727273 0.32727273 0.4        0.4
  0.29090909 0.32727273 0.4        0.32727273 0.25454545 0.32727273
  0.4        0.21818182 0.4]
 [0.21818182 0.29090909 0.32727273 0.29090909 0.36363636 0.25454545
  0.36363636 0.4        0.29090909 0.36363636 0.21818182 0.29090909
  0.36363636 0.47272727 0.25454545]
 [0.25454545 0.25454545 0.43636364 0.29090909 0.32727273 0.36363636
  0.32727273 0.36363636 0.18181818 0.43636364 0.29090909 0.4
  0.25454545 0.43636364 0.25454545]]
 X2_train_CL_Dec_KMFen 
[[0.50909091 0.32727273 0.4        0.4        0.47272727 0.36363636
  0.4        0.47272727 0.25454545 0.43636364 0.25454545 0.18181818
  0.29090909 0.36363636 0.36363636]
 [0.43636364 0.43636364 0.29090909 0.43636364 0.29090909 0.43636364
  0.32727273 0.36363636 0.29090909 0.4        0.29090909 0.25454545
  0.25454545 0.4        0.29090909]
 [0.32727273 0.32727273 0.32727273 0.32727273 0.4        0.4
  0.29090909 0.32727273 0.4        0.32727273 0.25454545 0.32727273
  0.4        0.21818182 0.4]
 [0.21818182 0.29090909 0.32727273 0.29090909 0.36363636 0.25454545
  0.36363636 0.4        0.29090909 0.36363636 0.21818182 0.29090909
  0.36363636 0.47272727 0.25454545]
 [0.25454545 0.25454545 0.43636364 0.29090909 0.32727273 0.36363636
  0.32727273 0.36363636 0.18181818 0.43636364 0.29090909 0.4
  0.25454545 0.43636364 0.25454545]]
 X1_train_KANG 
[[0.76363636 0.83636364 0.76363636 0.83636364 0.90909091 0.83636364
  0.87272727 0.87272727 0.87272727 0.83636364 0.69090909 0.65454545
  0.61818182 0.72727273 0.69090909]
 [0.69090909 0.83636364 0.8        0.69090909 0.83636364 0.65454545
  0.76363636 0.76363636 0.87272727 0.65454545 0.69090909 0.65454545
  0.65454545 0.65454545 0.65454545]
 [0.72727273 0.72727273 0.69090909 0.69090909 0.76363636 0.72727273
  0.69090909 0.58181818 0.72727273 0.72727273 0.76363636 0.50909091
  0.43636364 0.47272727 0.50909091]
 [0.76363636 0.54545455 0.72727273 0.61818182 0.50909091 0.8
  0.61818182 0.65454545 0.76363636 0.69090909 0.4        0.69090909
  0.50909091 0.54545455 0.4]
 [0.54545455 0.65454545 0.47272727 0.61818182 0.43636364 0.61818182
  0.54545455 0.54545455 0.58181818 0.69090909 0.50909091 0.50909091
  0.32727273 0.47272727 0.36363636]]
 X2_train_RG 
Blah
