
 
 List of mapped features 
 [2, 3, 5, 8, 10, 12]
 
 Match MSE for across trials and perm 
 X1_train 
[[2.16067249 1.13663258 1.16977757 1.79749373 2.09706233 1.25257549
  1.04996124 0.83223    1.22974006 1.2484807  0.72480759 0.94907965
  0.99188101 0.97587956 0.98291549]
 [0.63662994 0.65219851 0.97733372 0.67554892 0.66330931 0.87297106
  0.54591023 0.58339784 0.45314585 0.28265165 1.35400191 1.54225473
  1.6777554  1.36086409 1.07441757]
 [0.36960366 0.9005221  0.37529016 0.93581979 0.26056328 0.94771074
  0.26549765 0.280098   0.27672183 0.83624709 0.90368672 0.28935697
  0.96819213 0.25169242 0.22265293]
 [0.2874078  0.93760897 0.2092842  0.27640862 0.26032669 0.19135186
  0.11303035 0.11324402 0.11089065 0.12110802 0.80831003 0.42723355
  0.29902985 0.42886323 0.22288191]
 [0.13009339 0.13743244 0.13433447 0.10989471 0.69429349 0.17286996
  0.16159034 0.1206282  0.16569796 0.17643146 0.36919916 0.36557623
  0.3413192  0.26489984 0.37128123]
 [0.1249148  0.10585918 0.85586549 0.1157737  0.13537129 0.18408196
  0.17901456 0.17893632 0.12344184 0.10580717 0.10655197 0.08202123
  0.17246876 0.10950308 0.18744719]]
 X1_train_CL 
[[0.43812439 0.48863543 0.53869651 0.78339888 0.48844886 0.43714585
  0.57359259 0.53986081 0.65882676 0.33360942 0.4418744  0.36395957
  0.49035785 0.92734718 0.86471652]
 [0.39531213 0.30123417 0.63646654 0.36501709 0.57858557 0.15815409
  0.45131008 0.44302435 0.093376   0.35793282 0.43356945 0.7933436
  0.45366548 0.45607583 0.63007863]
 [0.04557268 0.38748732 0.03926988 0.11467771 0.19807961 0.10336708
  0.20242509 0.10324301 0.03523883 0.29189872 0.18049142 0.05922329
  0.51131873 0.05646763 0.23001776]
 [0.04743159 0.08047353 0.03691873 0.04252977 0.02932982 0.1417668
  0.04014831 0.00913844 0.03404368 0.00872727 0.09629341 0.02019402
  0.01664363 0.01440203 0.03704179]
 [0.19696159 0.10117412 0.01058334 0.00509106 0.10884994 0.14307071
  0.08976187 0.06848611 0.17956832 0.01016951 0.08695636 0.03042816
  0.05955564 0.14068476 0.03543927]
 [0.07865022 0.05296405 0.01793429 0.00530945 0.01868343 0.01461664
  0.00418649 0.05987854 0.02538611 0.01416019 0.01048582 0.10124753
  0.01329043 0.04808041 0.01812373]]
 X1_train_CL_Dec 
[[1.09451878 1.27263751 0.47874303 0.20563093 1.14265004 0.7168529
  1.12800981 1.16379026 0.87043017 0.90950149 0.65135831 0.34655661
  0.99961869 0.57571282 0.77564645]
 [0.92956151 0.42889089 0.46467401 0.52293743 0.52221494 0.45393654
  0.46832965 0.58911532 0.84118505 0.56070287 0.81651924 0.35548559
  0.66529933 1.09416542 0.8905173]
 [0.83283347 0.3610195  0.06283074 0.03231256 0.34604243 0.43574236
  0.39248642 0.4398969  0.49033655 0.56326327 0.03812383 0.51439637
  0.16097769 0.05592778 0.44976923]
 [0.05064684 0.04813134 0.04375618 0.07609276 0.13677277 0.0617679
  0.16017627 0.00946166 0.00643114 0.03478229 0.34138574 0.51410846
  0.16778254 0.47729427 0.09968756]
 [0.20276165 0.02668498 0.0075941  0.21579521 0.02558983 0.01812949
  0.19031756 0.10449254 0.2612227  0.01675558 0.16875397 0.07229181
  0.22562176 0.08145398 0.21316057]
 [0.01056849 0.15508255 0.01557338 0.05581695 0.01669165 0.22484166
  0.05315392 0.21992714 0.00908648 0.01973881 0.04471941 0.01098826
  0.01280451 0.16163198 0.02480774]]
 X1_train_CL_Dec_KMFl 
[[0.59508392 0.57313209 0.51037804 0.4606212  0.52932904 0.3256101
  0.44262819 0.48776449 0.38180934 0.35043664 0.3031469  0.25521341
  0.41235354 0.30009691 0.45687051]
 [0.15821364 0.044491   0.04785165 0.0574844  0.07880264 0.1940456
  0.29853363 0.25653    0.28120233 0.2221194  0.23462988 0.04380235
  0.09129516 0.18712939 0.19453443]
 [0.12533161 0.05962395 0.1066658  0.08303123 0.1066658  0.02887134
  0.03864134 0.01588995 0.06120518 0.04310484 0.17640574 0.18522364
  0.16350046 0.11853234 0.17929344]
 [0.02035697 0.01855213 0.01722297 0.0181706  0.01371298 0.01170184
  0.01170184 0.01170184 0.01170184 0.01170184 0.0289089  0.04895168
  0.06386648 0.06386648 0.02895206]
 [0.02827324 0.0284909  0.0284909  0.0284909  0.0284909  0.02445012
  0.02445012 0.02652928 0.02445012 0.02347067 0.05839381 0.0589922
  0.05839381 0.0589922  0.0589922]
 [0.02515267 0.02283815 0.05118495 0.04887043 0.04887043 0.00699734
  0.00699734 0.00641144 0.00699734 0.00699734 0.02506138 0.02506138
  0.02506138 0.02506138 0.02010822]]
 X1_train_CL_Dec_KMFen 
[[0.09341818 0.12622186 0.0203247  0.1041536  0.15999123 0.06153291
  0.12381554 0.04104809 0.05814621 0.03962018 0.17982056 0.27452675
  0.30176815 0.27819696 0.27131592]
 [0.02850492 0.0475362  0.0468849  0.04918943 0.0669466  0.00707739
  0.02433199 0.01197119 0.04172452 0.01112852 0.16869759 0.15169099
  0.11560692 0.20523955 0.18556388]
 [0.05245245 0.08096895 0.05186643 0.03045262 0.06111806 0.01099979
  0.01313118 0.01406349 0.00664901 0.01313118 0.07754796 0.07751393
  0.03769829 0.04428337 0.02593279]
 [0.00504704 0.00829183 0.0303431  0.031727   0.02994008 0.00654649
  0.00654649 0.00642182 0.00654649 0.00642182 0.04049681 0.03070531
  0.02685318 0.01656548 0.0538657]
 [0.01570788 0.01157134 0.01634796 0.00854128 0.02369508 0.00504564
  0.00033806 0.00504564 0.00865311 0.00640151 0.00957879 0.00785935
  0.02999679 0.0331833  0.00484137]
 [0.00748242 0.01118644 0.00666715 0.0046323  0.00970644 0.00247951
  0.         0.         0.00176978 0.00040017 0.02442246 0.02541429
  0.02190654 0.02335635 0.01801494]]
 X1_train_KANG 
[[1.83856361 1.2520952  1.74341305 1.3790075  1.70812667 1.6266494
  1.22058746 1.51492117 1.44751216 1.48518402 1.46271173 1.06560265
  1.28407219 1.28473509 1.26173317]
 [1.44654617 1.25686908 1.48647743 1.52646782 1.16901735 1.25534216
  1.42176464 1.14427469 1.41456119 1.29574648 1.1948777  1.4660915
  1.36336919 1.32384646 1.25613038]
 [1.61020438 1.47492756 1.44561916 1.3345208  1.46089586 1.07992684
  1.54161677 1.29327237 1.5368743  1.38785427 1.23933067 1.2645097
  1.21131592 0.9656425  1.22910516]
 [1.07473257 1.27567936 1.40028905 1.30970823 1.31805115 1.24352428
  1.29556876 1.25476744 1.12373455 1.17490913 1.19564651 1.29388383
  1.29793975 1.31962012 1.39360622]
 [1.83265701 1.25927571 1.23220976 1.12835395 1.31521768 1.13708181
  1.01700827 1.20063916 1.36332163 1.35084217 1.6152435  1.41133342
  1.19237126 1.25632426 1.21736887]
 [1.12524474 1.30760424 1.01917807 1.35231912 1.07401493 1.18952936
  1.35145727 0.8973329  1.12047666 0.96815482 1.0299865  0.79778242
  0.98380708 1.06280191 1.11653111]]
 X1_train_RG 
[[1.73950335 1.88500164 1.80389976 2.02147014 1.84954905 1.9050981
  1.72560998 1.69015797 1.59550128 1.77721513 1.92478571 1.69487851
  1.98917556 1.81977126 1.79689991]
 [1.75093226 1.75911315 1.72879725 1.75706375 1.72792257 1.76133942
  1.67254873 1.58041861 1.68933261 1.62648652 1.85604214 2.08180563
  1.76333125 1.9016581  1.8693656]
 [1.77521107 1.74181499 1.80878374 1.63493476 2.05082847 1.8996817
  1.72953655 1.82388238 1.53542489 1.50756406 1.75785722 1.97886779
  1.86233519 1.97556138 1.57642605]
 [1.783013   1.70274883 1.95908094 1.89314074 1.73142805 1.94063802
  1.71756429 1.52958501 1.48210434 1.71755296 1.68694474 1.7783006
  2.06572707 1.94149921 1.96659761]
 [1.85920655 1.84425122 1.91484246 1.89471012 2.06768756 1.77708313
  1.61732758 1.81228731 1.71388431 1.67843048 1.65581919 1.5481937
  1.69311691 1.72381722 1.9065835]
 [1.87560351 1.79548466 1.828937   1.92754531 1.77977297 1.36511986
  1.67930724 1.69035544 1.59015253 1.69094973 1.57305689 1.84660508
  1.7119253  1.72587798 1.69725703]]
 X1_train_sim_Cor 
[[1.86832786 1.93306279 2.05597115 1.73783949 1.83031934 1.83114655
  1.64699457 1.69302099 1.74790292 1.81921012 1.92343894 1.7349429
  1.91517541 1.74889834 2.00162824]
 [1.99285292 1.7149184  1.82933754 2.1190254  1.95506081 1.7325025
  1.68810904 1.77697281 1.73880095 1.67882236 1.81377512 1.80489203
  1.89438612 1.90457332 1.78204647]
 [1.90502379 1.90917943 1.97755607 1.98822815 1.94255364 1.58778349
  1.77280456 1.7329736  1.85822739 1.78420163 1.75662071 1.78955439
  1.84509311 1.77303055 1.8626184]
 [1.90869267 1.77399527 1.94718762 1.92676271 1.94115238 1.78920441
  1.65720994 1.82287625 1.77958314 1.78661433 1.87432999 1.6903591
  1.78370683 1.80938163 1.87040046]
 [2.08779491 1.88983486 1.77995342 1.86936557 1.8678938  1.86363525
  1.60194433 1.74989414 1.88172091 1.64863041 1.99347645 1.96532086
  1.85123399 1.73450775 1.99767955]
 [2.01374055 1.90473291 2.0113604  1.90879226 1.82628917 1.86136702
  1.72091425 1.81679651 1.91509428 1.75106099 1.99082358 1.92774489
  1.91956574 1.94021716 1.6085123]]
 X2_train_sim_Cor 

 
 
