
 
 List of mapped features 
 [500, 1000, 2000, 5000, 10000]
 
 Match MSE for across trials and perm 
 X1_train 
[[0.796266   1.18527999 1.11496498 1.2262312  1.18000771 1.09204051
  1.34229673 0.91259031 1.88462267 1.35062313 1.2769344  1.43636131
  1.10380005 1.18471621 1.47460593]
 [1.30148904 0.93125478 1.47707738 1.41272732 1.51598083 0.96564477
  1.00471393 1.14814746 1.70456892 1.20567501 1.21594834 0.88995977
  1.33078894 1.20296683 1.30183832]
 [0.06031549 0.44899858 0.21104455 0.65095463 0.17608002 0.25303533
  0.76982385 0.21383733 0.2749263  0.44488686 0.2755512  0.45908935
  0.39238669 0.59271174 0.43371246]
 [0.07533173 0.07533173 0.1882816  0.07533173 0.07533173 0.21619163
  0.21619163 0.21619163 0.21619163 0.21619163 0.08120484 0.0569621
  0.08120484 0.0569621  0.0569621]
 [0.         0.         0.         0.         0.         0.
  0.         0.         0.         0.         0.         0.
  0.         0.         0.15473985]]
 X1_train_CL 
[[1.16202317 0.96261447 1.21952189 0.67138159 1.14607854 0.93205479
  0.88203079 1.06843294 0.90105311 1.74899677 1.1767845  1.38073464
  1.2354611  1.28150142 1.42895328]
 [1.05925511 0.7333872  0.58865822 1.17953184 1.09418614 0.90550797
  1.01720195 0.51664919 0.48769979 0.50456635 0.85897283 0.90602841
  0.74100302 0.82951053 0.51761314]
 [0.64593132 0.83536604 0.14539891 0.83178432 0.95944378 0.82288825
  0.1100499  0.6239151  0.23619633 0.         0.67024538 0.90200024
  0.46568858 0.66472407 0.48643142]
 [0.70211181 0.21098853 0.18052428 0.3122277  0.06910822 0.3779561
  0.42819038 0.06502287 0.21323744 0.59057498 0.29483944 0.37463496
  0.         0.84992379 0.34178297]
 [0.10906759 0.35565305 0.17340358 0.         0.13574425 0.27859522
  0.14304025 0.34862582 0.2865228  0.         0.80226653 0.56998269
  0.         0.1854972  0.17374325]]
 X1_train_CL_Dec 
[[0.39471078 0.60207275 0.43849531 0.58315977 0.16210723 0.99593872
  0.56208844 0.61520425 0.51735206 0.481336   0.10575481 0.50791655
  1.02007604 0.93809239 0.68320638]
 [0.69090447 0.27281835 0.62048184 0.         0.         0.15933078
  0.3438349  0.33358856 0.61733636 0.1228164  0.26204553 0.0621229
  0.17457824 0.31726044 0.8517807]
 [0.1970416  0.07338544 0.28959135 0.47180788 0.         0.08806423
  0.         0.         0.         0.30046703 0.18420959 0.
  0.4471587  0.17319574 0.06455726]
 [0.         0.         0.         0.         0.06210085 0.
  0.12409146 0.07491575 0.         0.         0.         0.16796108
  0.         0.07241355 0.07728317]
 [0.         0.         0.         0.06086785 0.         0.
  0.06963541 0.         0.         0.         0.         0.
  0.         0.         0.08138298]]
 X1_train_CL_Dec_KMFl 
[[1.14556419 1.16946588 1.14546397 1.04542183 1.04967354 1.02525062
  1.02778144 1.12632996 1.00860609 1.02262247 1.31292703 1.26476312
  1.11547052 1.07167899 1.065885]
 [0.3893353  0.55611825 0.54668025 0.45719373 0.60318176 0.70288338
  0.74099948 0.68297192 0.70490577 0.69750919 0.67449939 0.75588322
  0.75393773 0.65322166 0.71103624]
 [0.25616503 0.33306489 0.37664958 0.33306489 0.21258034 0.
  0.0718762  0.         0.         0.         0.08453627 0.
  0.20883673 0.         0.20883673]
 [0.         0.         0.         0.         0.         0.
  0.         0.         0.         0.         0.         0.
  0.         0.         0.]
 [0.         0.         0.         0.         0.         0.
  0.         0.         0.         0.         0.         0.
  0.         0.         0.]]
 X1_train_CL_Dec_KMFen 
[[1.31482918 1.28816376 1.25815193 1.20334456 1.30587423 1.32157904
  1.26559353 1.17450322 1.38545963 1.40550406 1.67794571 1.21860872
  1.32347572 1.66188081 1.55499564]
 [0.96100196 0.95896956 0.98706543 0.88710086 0.86413277 0.92013906
  0.7804424  1.0063493  0.96069643 0.98689038 0.75393604 0.85461329
  0.89892001 0.8739239  0.83481289]
 [0.43061943 0.48839372 0.44493885 0.36744862 0.39156508 0.35031049
  0.30429501 0.21518494 0.2026263  0.13635318 0.51056824 0.58556438
  0.55154273 0.57096797 0.51056824]
 [0.         0.19202696 0.07533173 0.         0.13583042 0.15245065
  0.15245065 0.3077769  0.3077769  0.09167754 0.         0.
  0.         0.         0.]
 [0.         0.         0.         0.08434575 0.         0.
  0.06963541 0.06963541 0.         0.06963541 0.07826067 0.
  0.         0.         0.]]
 X1_train_KANG 
[[1.71120002 1.68111181 1.5815736  1.74231055 1.70922219 2.44094053
  2.12427756 2.19236878 2.11833708 2.34977475 2.16027741 2.29046321
  2.15442084 2.17584189 2.06956725]
 [1.85736295 1.96684235 1.86095094 1.86520815 1.84774307 1.82089223
  1.98060118 1.79022248 2.05859871 1.91458443 1.76166394 1.76336616
  1.71904484 1.78750272 1.72126879]
 [1.41809206 1.85772198 1.62969539 1.49865501 1.68728384 1.13376714
  0.93306392 1.64048276 1.15313687 1.1619689  1.47279457 1.00596629
  1.56021705 1.40866477 1.19865475]
 [1.89253421 0.9160029  0.64201831 1.54251447 1.37066252 0.63141144
  0.96199949 1.32134178 0.69023245 1.25987199 1.27147891 1.26365638
  0.53881804 0.516886   1.3234807]
 [0.95403189 1.4826919  0.98183242 0.44385918 1.28399321 0.65344318
  0.84732697 0.75822743 0.70403485 0.35649209 1.15976345 0.84313553
  1.26707103 0.99604075 0.89862172]]
 X1_train_RG 
[[1.71921681 1.64675958 1.59072673 1.65358228 1.64910953 2.19745795
  2.17180572 2.17288046 2.22216491 2.14121622 2.11604703 2.47358545
  1.94386736 2.01633008 2.17437409]
 [2.06506479 2.14530622 1.91067843 2.22567549 1.88182546 2.0114889
  2.04603856 2.08615887 2.11905934 2.14889418 1.80557514 1.89183628
  1.80942137 1.87619865 1.92534454]
 [2.155904   1.9851432  2.07380127 1.87172295 2.2033168  1.70511178
  1.88952939 1.76879328 1.87226683 1.83342941 1.81020428 2.04042888
  2.03470609 2.07306589 1.9734015]
 [2.08171035 1.98782502 1.96133748 1.9080991  2.11629269 1.92499221
  2.07919996 1.97216837 1.99004628 1.94936823 1.98832783 1.93659718
  1.89089305 1.87792376 1.83471975]
 [1.83468664 1.83345225 1.92139454 1.79785342 1.91424431 1.95292319
  1.8729595  1.65830381 1.82106432 1.80327933 1.85563907 1.81585957
  1.94878618 2.02625009 1.81604111]]
 X1_train_sim_Cor 
[[1.64333988 1.63099726 1.61729254 1.51322431 1.61044505 2.24268108
  2.3037005  2.14103738 2.29871157 2.39543611 2.19819867 2.07405413
  2.17869166 2.20099365 2.19965744]
 [1.88573114 1.98193898 1.89100226 1.76868976 2.04447471 2.02824348
  2.10126725 2.21878451 2.20144136 1.73647195 1.89742228 1.78156676
  1.94086408 1.89396953 1.83275977]
 [1.92835111 1.9719017  2.08603962 1.87786251 1.96101172 1.76593668
  1.85595873 1.77445103 1.88256009 2.0091922  2.07563296 2.15484139
  2.03503097 2.13633654 2.08148176]
 [2.09140411 2.07770593 2.12421359 2.08714318 1.95954879 1.98588664
  1.96018851 2.00031037 1.76177052 1.96285081 1.84433948 1.84975399
  1.78579781 1.81298277 1.87953707]
 [1.83038337 1.78666329 1.9513737  1.95882706 1.7537985  1.95079105
  1.91465281 1.89862917 1.89225812 1.99940538 1.82367842 1.95303478
  1.69473348 1.93749167 1.8121198]]
 X2_train_sim_Cor 

 
 
