
 
 List of features in larger database 
 [35, 40, 45, 50, 55]
 
 Match MSE for across trials and perm 
 X1_train 
[[0.48675921 0.55336497 0.54057232 0.59354904 0.52639856 0.88246329
  0.59667689 0.90585535 0.55742913 0.90712014 0.73590806 0.81717776
  0.78449379 0.65456132 0.70449327]
 [0.40968904 0.4812545  0.46740348 0.57249956 0.39569619 0.78098872
  0.62198388 0.43964465 0.54030582 0.36660188 0.68652812 0.94337831
  1.28652766 1.1710185  1.26123065]
 [0.30082454 0.32426494 0.63116339 0.49093336 0.35444398 0.49343706
  0.88609538 0.74348612 0.60948959 0.78261003 0.95429398 0.71089434
  0.70430752 0.58149897 0.76414209]
 [0.42044021 0.46320106 0.49342863 0.24424411 0.5807264  0.71020411
  0.93345752 1.03889614 0.18630178 0.5968375  0.56509155 1.05484974
  1.34579484 0.66529732 0.8298925]
 [0.54757023 0.34381208 0.37578328 0.38074768 0.4585509  0.46608445
  1.15078848 0.37528235 0.75279861 0.79887638 1.04733646 0.4805826
  0.95281835 1.10388354 0.89964239]]
 X1_train_CL 
[[0.56149634 0.51256174 0.60295394 0.63321363 0.63112254 0.68533503
  1.00270511 0.8478784  0.78814273 1.01697864 1.50806734 1.04988392
  1.26689331 1.17815523 1.41788052]
 [0.81978567 0.39004469 0.33627027 0.37478673 0.43140402 0.73276499
  0.51358934 0.98212401 0.77587971 1.16167469 0.99460629 1.31571737
  1.28353274 1.06079076 1.24587526]
 [0.37366757 0.35384028 0.67088693 0.3987742  0.21081803 1.14256256
  0.648083   0.59584597 0.44088259 0.79652914 0.93063443 0.90911377
  1.19592584 1.44796603 0.4989991]
 [0.32592238 0.47023253 0.2365012  0.39005858 0.35492215 0.77174107
  0.74968367 0.74949021 0.50030154 0.64641918 0.90660117 0.88318898
  0.75930795 1.32444746 1.45956742]
 [0.35511325 0.38532452 0.42780846 0.52629048 0.44272896 0.31575527
  0.70530517 0.79967153 0.80767452 0.34732785 1.86890809 1.28457439
  1.26207855 1.05063187 0.80835215]]
 X1_train_CL_Dec 
[[0.57776062 0.63721442 0.58193314 0.42197653 0.82925203 1.02416873
  0.96909526 0.81194377 1.12077187 0.83664292 1.4250068  1.46149686
  1.40345896 1.29145266 1.17924353]
 [0.7938188  0.71125704 0.56292775 0.34810106 0.62480605 0.97441721
  1.10497794 0.73799918 0.73192939 1.18788383 1.44224866 1.46181645
  1.10109054 1.79242182 1.46992588]
 [0.69984765 0.6516259  0.49791441 0.68698084 0.60503385 1.09829725
  1.04667953 1.0481822  0.93295198 1.11271515 1.53712638 1.29845177
  1.29587515 1.36473772 1.07292706]
 [0.65324686 0.62638905 0.5449523  0.79790432 0.60439423 1.121344
  1.06642327 0.88670591 1.00795666 1.2308016  1.4251136  1.86638071
  0.9556842  1.84019722 1.53955391]
 [0.75499468 0.90083519 0.80877248 0.54257659 0.68940456 0.63644763
  0.81502258 0.87533451 0.51560921 0.97284001 1.2112671  1.60352184
  1.24193165 1.79210701 1.13715038]]
 X1_train_CL_Dec_KMFl 
[[0.15691371 0.35329635 0.41583186 0.19861909 0.38700772 0.65245097
  0.47140588 0.37214273 0.43481509 0.42982533 0.5977417  0.68825121
  0.55284463 0.57394898 0.53194119]
 [0.41207202 0.42515738 0.50143697 0.27373369 0.57600288 0.22861528
  0.57671983 0.19603404 0.32764926 0.27158401 0.72786654 0.72952076
  0.64239815 0.60270817 0.50752587]
 [0.22735181 0.27339734 0.29069746 0.4742437  0.34388555 0.67619335
  0.66051151 0.40852999 0.48180089 0.59029973 0.48675398 0.63272797
  0.51048235 0.69990299 0.19159197]
 [0.32832218 0.18178444 0.43939334 0.53215253 0.31069865 0.68564337
  0.48804188 0.52076081 0.32224063 0.25614622 0.89503496 1.00170827
  0.61288792 0.84759933 0.76040482]
 [0.38953349 0.45243806 0.27237836 0.33984319 0.35751672 0.41978866
  0.48951537 0.48170206 0.2886628  0.16359601 0.35477872 0.70621359
  0.56002518 1.02781295 0.28344955]]
 X1_train_CL_Dec_KMFen 
[[0.17277146 0.33620409 0.33853516 0.23155244 0.27917478 0.47956142
  0.36208869 0.5264492  0.50850806 0.3714958  0.43396368 0.42612092
  0.33864177 0.43804997 0.46817105]
 [0.3229061  0.33915433 0.33368445 0.29793633 0.30740008 0.09692848
  0.23627234 0.32530441 0.09939028 0.11830683 0.78606146 1.04233984
  0.63288365 0.60220256 0.44188557]
 [0.28469318 0.32515166 0.27943483 0.36679679 0.25420476 0.10453061
  0.11603726 0.14361391 0.08773857 0.23540173 0.26651687 0.76399089
  0.30330502 0.9517702  0.32577864]
 [0.31934964 0.28905718 0.3076532  0.32570483 0.26032075 0.29240024
  0.14608539 0.11180832 0.16009269 0.16267173 0.50794855 0.50530781
  0.25452191 0.70550341 0.59619898]
 [0.40049362 0.30374317 0.14756031 0.32167209 0.18159077 0.17665805
  0.04305401 0.11527411 0.32259359 0.03309635 0.13367141 0.85428116
  0.36669238 0.69808496 0.50179248]]
 X1_train_KANG 
[[0.0059375  0.00339265 0.00263987 0.00099756 0.         0.0725809
  0.06813822 0.00681542 0.00681542 0.05373483 0.13662546 0.09744036
  0.07649915 0.11539186 0.03471791]
 [0.10258387 0.0617378  0.00184383 0.08600241 0.06829477 0.0425429
  0.00699981 0.01059453 0.00681542 0.09039178 0.02448228 0.0255384
  0.15640925 0.083163   0.02250023]
 [0.00173129 0.0770933  0.00551239 0.01569621 0.00192764 0.01123738
  0.00811359 0.07848416 0.00981875 0.01026506 0.00827105 0.16517125
  0.03835398 0.02701194 0.08377182]
 [0.00192764 0.00850739 0.00113359 0.01639041 0.03993599 0.05712512
  0.0396972  0.06605888 0.18245295 0.15186508 0.11874902 0.09344487
  0.16818452 0.02557791 0.09698709]
 [0.04035966 0.         0.10673979 0.04319005 0.18670852 0.13675265
  0.01206271 0.0903528  0.01206259 0.01020245 0.04860915 0.21285263
  0.22167573 0.04044097 0.19766365]]
 X1_train_sim_Cor 
[[1.40796884 1.55572223 1.43377935 1.27306647 1.37246239 1.68683773
  1.67064971 1.61344342 1.70805173 1.68504952 1.7172832  1.60443237
  1.88276128 1.58810274 1.71764691]
 [1.34686599 1.44421815 1.54659362 1.30718158 1.45930408 1.51119668
  1.70933055 1.74631057 1.81501693 1.71872643 1.67874396 1.67464095
  1.87381636 1.73181413 1.47846674]
 [0.88480647 1.618776   1.44621111 1.50531049 1.41570277 1.62289377
  1.78754358 1.54341985 1.63123701 1.90175262 1.77605516 1.74050583
  1.59184556 1.79642654 1.75037068]
 [1.23932919 1.33925244 1.39462044 1.63407835 1.513238   1.48649408
  1.54498022 2.00367556 1.17883656 1.9267601  1.85745815 1.72983439
  1.77345904 2.0682301  1.72628176]
 [1.42583847 1.45902912 1.55825528 1.36119369 1.47753919 1.25388623
  1.85154407 1.4308886  1.66393688 1.90054144 1.71541322 1.67316246
  1.71613925 1.69255762 1.84697691]]
 X2_train_sim_Cor 

 
 
