
 
 List of features in larger database 
 [25, 30, 35, 40, 45]
 
 Match MSE for across trials and perm 
 X1_train 
[[0.         0.23103728 0.         0.         0.         0.25050219
  0.         0.16891923 0.25050219 0.         0.         0.
  0.         0.         0.]
 [0.         0.         0.         0.         0.         0.16871303
  0.16891923 0.         0.         0.25050219 0.         0.
  0.         0.         0.]
 [0.         0.         0.14793009 0.         0.         0.16871303
  0.25050219 0.25050219 0.25050219 0.         0.         0.
  0.         0.         0.]
 [0.         0.         0.         0.         0.         0.
  0.16891923 0.         0.16891923 0.         0.         0.
  0.         0.         0.]
 [0.         0.         0.         0.         0.         0.15277036
  0.15277036 0.16337212 0.         0.         0.         0.
  0.         0.         0.]]
 X1_train_CL 
[[0.         0.         0.         0.         0.         0.
  0.         0.         0.         0.         0.         0.
  0.         0.         0.]
 [0.         0.         0.         0.         0.         0.16337212
  0.         0.         0.         0.         0.         0.
  0.         0.         0.22828184]
 [0.         0.         0.         0.         0.         0.
  0.08598533 0.         0.         0.         0.         0.
  0.         0.         0.]
 [0.         0.         0.         0.         0.19698237 0.
  0.16337212 0.16389345 0.         0.         0.         0.
  0.         0.         0.13686786]
 [0.         0.         0.         0.         0.         0.
  0.         0.         0.09076229 0.         0.         0.
  0.         0.         0.]]
 X1_train_CL_Dec 
[[0.         0.         0.         0.         0.         0.
  0.         0.         0.         0.         0.46294125 0.
  0.94035452 0.         0.22115822]
 [0.         0.         0.         0.         0.         0.
  0.         0.         0.17197065 0.16337212 0.         0.
  0.70924211 0.         0.]
 [0.         0.         0.         0.         0.         0.
  0.         0.         0.16337212 0.18436152 0.         0.
  0.         0.18400273 0.]
 [0.         0.         0.         0.         0.         0.27861881
  0.08598533 0.         0.09703238 0.         0.0959915  0.
  0.34140456 0.         0.]
 [0.         0.         0.         0.09330744 0.         0.18210384
  0.         0.         0.09076229 0.27583109 0.         0.29665779
  0.08257463 0.         0.0691876]]
 X1_train_CL_Dec_KMFl 
[[0.         0.         0.         0.13810472 0.         0.
  0.         0.         0.         0.         0.         0.
  0.         0.         0.]
 [0.         0.07268669 0.         0.         0.         0.
  0.         0.         0.         0.         0.         0.
  0.         0.         0.]
 [0.         0.         0.         0.         0.         0.
  0.         0.         0.         0.         0.         0.
  0.         0.         0.]
 [0.         0.         0.         0.         0.         0.
  0.         0.         0.         0.         0.         0.
  0.         0.         0.]
 [0.         0.         0.         0.         0.         0.
  0.         0.         0.         0.         0.         0.
  0.         0.         0.]]
 X1_train_CL_Dec_KMFen 
[[0.         0.         0.         0.         0.         0.
  0.         0.         0.         0.         0.         0.
  0.31039967 0.         0.]
 [0.         0.         0.         0.         0.         0.
  0.         0.         0.         0.         0.         0.
  0.         0.         0.]
 [0.         0.         0.         0.         0.         0.
  0.         0.         0.         0.         0.         0.
  0.         0.1564572  0.]
 [0.         0.         0.         0.         0.         0.
  0.         0.         0.         0.         0.         0.
  0.         0.         0.]
 [0.         0.         0.         0.         0.         0.
  0.         0.         0.         0.         0.         0.
  0.16514926 0.16514926 0.]]
 X1_train_KANG 
[[0.         0.         0.         0.         0.         0.
  0.16337212 0.         0.         0.         0.16088189 0.
  0.         0.         0.]
 [0.51454207 0.94569437 0.         0.         0.82533545 0.46226874
  0.         0.16337212 0.         0.16337212 0.         0.
  0.14859049 0.11916321 0.]
 [0.20938738 0.24903163 0.47291571 0.88532012 0.65776493 0.
  0.         0.91664037 0.12050931 0.         0.38074859 0.
  0.36236196 0.10474659 0.2823266]
 [0.32563473 0.59630478 0.89710977 0.31168965 1.42797149 0.
  0.52877211 0.11205369 0.         0.10210757 0.49628496 0.08257463
  0.         0.11253675 0.23409823]
 [0.         0.         0.47087631 0.31483782 0.16545326 0.36056796
  0.67156933 0.53156848 0.36543167 0.         0.         0.153804
  0.78426455 0.         1.24586104]]
 X1_train_sim_Cor 
[[1.76178696 1.75199555 1.69790921 1.79881474 1.73886595 2.0426788
  1.7671727  1.79774554 1.96137925 1.96249723 1.79269522 1.95849358
  1.95327781 2.01010537 1.82336821]
 [1.99294088 1.93364086 1.69926167 1.82792672 1.7492562  1.91450465
  2.04405409 1.9904716  1.9454936  1.93329117 1.95021773 1.76044315
  2.08028391 1.8154863  2.01434553]
 [1.68239756 2.02496986 1.60994451 1.96932061 2.15429172 1.9419919
  2.01936917 2.0435402  1.86418732 1.89433484 2.11005926 2.05358879
  2.21887068 1.52179809 2.05394774]
 [1.75233895 1.68662601 1.77102224 1.60985239 1.90762203 1.87370139
  1.9472182  2.03987606 1.88297725 1.54293939 1.95179078 1.91379269
  2.21559193 2.05488516 1.98071302]
 [1.72245544 2.12677223 1.97848875 2.07194172 1.94681307 2.01494345
  2.05314904 2.0845548  1.92784131 2.05437479 2.04775159 2.12717771
  1.96078815 1.57967886 1.97967964]]
 X2_train_sim_Cor 

 
 
