
 
 List of mapped features 
 [5, 10, 15, 20, 25, 30]
 
 Match MSE for across trials and perm 
 X1_train 
[[0.17060824 0.         0.         0.17060824 0.         0.37999902
  0.         0.         0.21193754 0.         0.06944308 0.04712117
  0.04712117 0.11656425 0.11656425]
 [0.         0.         0.         0.         0.18359497 0.08259827
  0.08259827 0.08259827 0.08259827 0.08259827 0.         0.
  0.         0.         0.]
 [0.         0.         0.         0.         0.         0.10317039
  0.10317039 0.         0.10317039 0.         0.         0.
  0.         0.         0.]
 [0.         0.13802233 0.         0.         0.         0.
  0.         0.         0.         0.         0.         0.
  0.         0.         0.]
 [0.         0.         0.         0.         0.         0.
  0.         0.         0.         0.         0.         0.
  0.         0.         0.]
 [0.         0.         0.         0.         0.         0.
  0.         0.         0.         0.         0.         0.
  0.         0.         0.]]
 X1_train_CL 
[[1.4628064  1.09513783 1.15470328 1.2248104  1.10820936 0.89859897
  1.35776653 1.19234231 0.91218184 1.13808134 0.96179841 1.1035242
  1.33770161 1.44742804 1.01097242]
 [0.08669488 0.70564149 0.4209344  0.26999081 0.07525676 0.61661771
  0.6383755  1.02758703 1.08103619 0.85918761 0.46838288 0.28836004
  0.53713892 0.6712274  0.32917566]
 [0.08734208 0.29520699 0.19160715 0.25778133 0.40745352 0.20799027
  0.44823841 0.07414277 0.2311021  0.16059459 0.28190728 0.53612298
  0.20416731 0.43222713 0.39141959]
 [0.11761464 0.         0.37192028 0.         0.2536155  0.07239219
  0.         0.12797237 0.         0.30647748 0.08040935 0.
  0.         0.         0.26650378]
 [0.         0.         0.21065886 0.         0.13705749 0.
  0.24750452 0.12401875 0.13270582 0.485427   0.         0.
  0.         0.         0.]
 [0.         0.         0.10207634 0.11162967 0.         0.
  0.         0.         0.         0.         0.         0.
  0.         0.         0.]]
 X1_train_CL_Dec 
[[0.73525548 0.70030098 0.21758263 0.08472625 0.47076571 0.04712901
  0.33792306 0.35290047 0.16427049 0.34072354 0.28643368 0.14958603
  0.         0.31204111 0.96840199]
 [0.05581483 0.16851911 0.09196647 0.         0.         0.10506853
  0.05302013 0.20471043 0.         0.42014899 0.16502997 0.08664946
  0.13343912 0.         0.]
 [0.         0.         0.         0.06378838 0.         0.
  0.         0.         0.07511244 0.         0.         0.07161349
  0.         0.         0.]
 [0.         0.         0.         0.         0.         0.
  0.         0.         0.         0.06802039 0.         0.
  0.         0.         0.]
 [0.         0.         0.         0.         0.         0.
  0.         0.         0.         0.         0.         0.
  0.         0.         0.]
 [0.         0.         0.         0.         0.         0.
  0.         0.         0.         0.         0.         0.
  0.         0.         0.]]
 X1_train_CL_Dec_KMFl 
[[0.25052459 0.0681024  0.         0.         0.06353887 0.07284153
  0.07284153 0.19456439 0.         0.07284153 0.34226758 0.
  0.18485065 0.06944308 0.30816304]
 [0.         0.         0.         0.         0.         0.
  0.08259827 0.08259827 0.         0.08259827 0.         0.
  0.         0.         0.]
 [0.         0.         0.         0.         0.         0.
  0.         0.         0.         0.         0.         0.
  0.         0.         0.]
 [0.         0.         0.         0.         0.         0.
  0.         0.         0.         0.         0.         0.
  0.         0.         0.]
 [0.         0.         0.         0.         0.         0.
  0.         0.         0.         0.         0.         0.
  0.         0.         0.]
 [0.         0.         0.         0.         0.         0.
  0.         0.         0.         0.         0.         0.
  0.         0.         0.]]
 X1_train_CL_Dec_KMFen 
[[0.12948227 0.07720381 0.07720381 0.07720381 0.07720381 0.07342069
  0.16514263 0.15090075 0.13506971 0.18082133 0.29936389 0.25224273
  0.30375401 0.29936389 0.33733128]
 [0.         0.         0.         0.         0.         0.08259827
  0.18934353 0.08259827 0.         0.08259827 0.08849718 0.08849718
  0.16162929 0.08849718 0.08849718]
 [0.         0.         0.         0.         0.0805151  0.
  0.         0.         0.         0.         0.         0.
  0.         0.         0.]
 [0.         0.         0.         0.         0.         0.
  0.         0.         0.         0.         0.         0.
  0.         0.         0.]
 [0.         0.         0.         0.         0.         0.
  0.         0.         0.         0.         0.         0.
  0.         0.         0.]
 [0.         0.         0.         0.         0.         0.
  0.         0.         0.         0.         0.         0.
  0.         0.         0.]]
 X1_train_KANG 
[[1.74750358 1.48037569 1.58511377 1.67376415 1.92676276 1.89325861
  1.82941376 1.2610504  1.59126565 1.96414424 1.65278889 1.73006027
  1.4456608  1.39204578 1.71054616]
 [1.16899866 1.19888318 0.79241307 1.46744013 0.89825053 1.09381211
  1.63872917 1.46013083 1.43955739 1.53547695 1.01184378 1.2158537
  0.73796475 0.92749633 1.17353145]
 [0.72277839 0.59764097 0.71607886 1.12116062 0.58776794 0.85219241
  0.99129514 0.47543769 1.15458103 0.64307068 0.96124786 0.4617401
  0.45499968 0.44533414 0.30494037]
 [0.36697561 0.15525326 0.16367024 0.51380912 0.11686057 0.28078481
  0.39657485 0.36755186 0.32972973 0.36320257 0.63370848 0.32794681
  0.3762086  0.47263062 0.59329516]
 [0.12178113 0.13008396 0.         0.14502311 0.36798827 0.502752
  0.         0.11616328 0.         0.21641209 0.19281982 0.12499755
  0.18451239 0.         0.]
 [0.         0.         0.         0.         0.         0.12328732
  0.         0.         0.         0.         0.         0.
  0.         0.24337416 0.]]
 X1_train_RG 
[[1.84307112 1.86867178 1.8535545  1.85198811 1.80052605 1.92973652
  1.93170872 1.91172777 2.00634826 1.97654487 1.86038304 1.96478365
  1.93792752 1.85921978 1.84423628]
 [1.85728642 1.92791187 1.8100256  1.78886688 1.96056338 1.90686564
  1.96731861 1.89938722 1.92748875 1.93916206 1.85692251 1.80992822
  1.92155006 1.87615186 1.79279961]
 [1.84179757 1.9417856  1.93147733 2.02795472 1.90385308 1.99737686
  1.87551178 1.86111945 1.9049025  2.00591178 2.03659382 1.92949533
  1.79943631 1.91679193 1.91790589]
 [1.81047304 1.75050032 1.81689972 1.91366493 1.83559215 2.08885467
  1.96025357 2.045924   2.12763372 1.99682328 1.87249132 1.79057268
  1.98697797 1.8255515  1.9149967]
 [1.74297864 1.97545108 1.94170359 1.8135903  1.74454054 1.94181417
  2.05543251 1.72482548 2.11714479 2.1001376  1.88711064 1.95222754
  1.9812115  1.93302728 1.65454866]
 [1.60848843 1.81149029 1.81345976 1.96125008 1.78403353 2.08578833
  1.83594618 1.76485409 1.8082454  1.84937207 1.91720901 1.99575242
  1.83909076 1.6910157  1.93952013]]
 X1_train_sim_Cor 
[[1.9756611  1.94636839 2.01300064 1.91326722 1.84973177 1.91275389
  2.04350649 1.78831867 2.06353153 2.06884574 2.03866464 1.96897626
  1.92596705 1.87756809 1.8889058]
 [1.85492672 1.94177706 1.90718833 1.87280662 1.93538249 2.10062426
  2.04293319 1.9303084  1.97025788 1.93142269 1.80958103 1.90786809
  1.94699515 1.84684732 1.95607267]
 [1.91930193 2.04529951 1.87212797 1.854909   1.9992041  2.0520754
  1.73540262 1.99140465 1.92282636 1.93525251 2.09953101 1.85305079
  1.85032948 1.82047771 1.99286747]
 [1.92265391 1.83750028 1.60960761 1.84619133 1.80359084 2.12070376
  1.83342771 2.13584157 2.00671939 1.95201509 1.9773792  1.7815648
  1.87049128 1.81993677 1.91759311]
 [1.83396383 1.87448328 1.91103447 1.97651366 1.78941273 1.74558907
  2.15556821 2.07820821 2.10008617 1.87342657 1.86391758 1.873925
  1.88117694 1.95025309 1.89055258]
 [1.77075032 2.00633962 1.82088622 1.82368136 2.00223594 1.93007435
  1.79865972 2.01872361 1.88579489 1.90065214 1.98834195 1.86589799
  2.00786451 1.89388038 1.8979628]]
 X2_train_sim_Cor 

 
 
