
 
 List of features in larger database 
 [35, 40, 45, 50, 55]
 
 Match MSE for across trials and perm 
 X1_train 
[[0.27543465 0.26297439 0.26297439 0.26098011 0.34988774 0.27774617
  0.25287172 0.6144451  0.30917582 0.25805328 0.35001215 0.26028635
  0.28644555 0.27417217 0.28636176]
 [0.24403576 0.24621149 0.31778149 0.19351297 0.230492   0.27590281
  0.27566986 0.28123453 0.2979409  0.24849315 0.23212988 0.21926649
  0.28538819 0.31269733 0.27706486]
 [0.19963501 0.30213777 0.19102469 0.26742438 0.19404143 0.25282377
  0.22677214 0.3445946  0.2549141  0.21323059 0.22496278 0.16272023
  0.19405074 0.13970809 0.12324577]
 [0.31227522 0.35937703 0.24815664 0.26121752 0.37935693 0.22259421
  0.09482263 0.09226863 0.21434529 0.22670443 0.32928182 0.2917955
  0.31749857 0.28761419 0.28491354]
 [0.24815664 0.20848824 0.26427884 0.20848824 0.18296566 0.16741192
  0.45697927 0.0711183  0.20966376 0.63630013 0.21551873 0.29006988
  0.23129076 0.29734687 0.30236141]]
 X1_train_CL 
[[0.18967032 0.2699614  0.09042952 0.1726616  0.07093421 0.08061739
  0.01725737 0.12974467 0.03319125 0.0219756  0.12268146 0.25608375
  0.17072851 0.01248415 0.2905807]
 [0.20246899 0.15702792 0.14460633 0.01146353 0.06505779 0.06554506
  0.27587848 0.09363485 0.03640519 0.0602465  0.00083961 0.18698408
  0.32474706 0.20587272 0.26862036]
 [0.28301428 0.03833633 0.05766916 0.00793225 0.26340713 0.00120052
  0.02451028 0.0139663  0.06251537 0.05043527 0.397475   0.28704943
  0.15894752 0.13163087 0.07228296]
 [0.01797541 0.00724249 0.07839831 0.11182823 0.09234082 0.16378734
  0.0342166  0.00632902 0.12109466 0.15822404 0.12480037 0.37836551
  0.10008183 0.04900091 0.14522214]
 [0.09270202 0.2259694  0.06438686 0.01712962 0.04399777 0.02465126
  0.01955542 0.13134044 0.2458754  0.01302428 0.1842889  0.11167558
  0.06754294 0.06862663 0.16672781]]
 X1_train_CL_Dec 
[[0.27051999 0.11349896 0.11567705 0.04977858 0.16720359 0.2252362
  0.20044876 0.20586579 0.09453056 0.21301829 0.18499384 0.02604551
  0.15039892 0.27019759 0.20804851]
 [0.26364422 0.23329746 0.13459867 0.03861144 0.02627921 0.02571403
  0.1130831  0.02833074 0.03681768 0.02347803 0.20451168 0.21577665
  0.08620858 0.17854214 0.03061833]
 [0.16986009 0.01947004 0.08618589 0.1628906  0.03341408 0.10166844
  0.02336186 0.         0.14430937 0.13510129 0.         0.2172076
  0.07408397 0.20429197 0.08240811]
 [0.15389339 0.09997366 0.0992279  0.05248487 0.0121065  0.0432339
  0.04548768 0.00814697 0.23922719 0.03254441 0.18219127 0.02000437
  0.49372316 0.17944129 0.09760387]
 [0.0315606  0.03387424 0.01557533 0.06699071 0.00576684 0.18157243
  0.01278134 0.12141578 0.03555405 0.11884885 0.11312982 0.00121551
  0.02410078 0.2950712  0.09483616]]
 X1_train_CL_Dec_KMFl 
[[0.         0.         0.0822677  0.02574628 0.00985625 0.00684345
  0.00684345 0.00684345 0.00684345 0.00684345 0.00477982 0.00701451
  0.00701451 0.00701451 0.00701451]
 [0.04444889 0.03414526 0.03414526 0.04259685 0.04444889 0.00684345
  0.00684345 0.00684345 0.00684345 0.00684345 0.00701451 0.00701451
  0.00477982 0.00701451 0.06292056]
 [0.03414526 0.04259685 0.04444889 0.04646929 0.05766958 0.00743854
  0.00743854 0.00743854 0.00743854 0.00743854 0.00701451 0.00701451
  0.06292056 0.00701451 0.00701451]
 [0.0379219  0.         0.04646929 0.08062173 0.05286378 0.00743854
  0.00743854 0.00743854 0.00743854 0.00743854 0.00701451 0.00701451
  0.00701451 0.00701451 0.00730679]
 [0.02437814 0.0379219  0.05799266 0.03027409 0.03964562 0.00743854
  0.00743854 0.00743854 0.00743854 0.00743854 0.00762447 0.00762447
  0.00762447 0.00762447 0.00762447]]
 X1_train_CL_Dec_KMFen 
[[0.04568901 0.01609287 0.03945238 0.05635655 0.06217811 0.01455414
  0.01455414 0.01455414 0.01455414 0.01455414 0.04853659 0.
  0.05830803 0.         0.]
 [0.08038745 0.04464732 0.04759272 0.05870474 0.05635655 0.00983592
  0.00471822 0.01455414 0.01455414 0.01455414 0.04987412 0.04987412
  0.18510919 0.         0.]
 [0.06057216 0.06057216 0.06476887 0.05969921 0.06247518 0.01455414
  0.02139759 0.01455414 0.01516056 0.01455414 0.04987412 0.06076744
  0.01748173 0.06076744 0.1199466]
 [0.01680823 0.06897166 0.06125712 0.02032271 0.01680823 0.01455414
  0.01455414 0.01455414 0.01455414 0.00983592 0.01748173 0.01748173
  0.01748173 0.01748173 0.01062114]
 [0.07021859 0.02694105 0.04082947 0.01749225 0.07021859 0.00983592
  0.00983592 0.00983592 0.00983592 0.01516056 0.0182418  0.0182418
  0.01907098 0.         0.]]
 X1_train_KANG 
[[0.11381633 0.         0.04089298 0.10675117 0.05996195 0.07923891
  0.28530235 0.16694099 0.08264359 0.12795703 0.11927158 0.05829184
  0.         0.15196872 0.11927158]
 [0.12994874 0.28157785 0.14715881 0.22876614 0.12519054 0.14124424
  0.03132502 0.         0.03471008 0.         0.12285224 0.26229322
  0.00080462 0.         0.0250036]
 [0.13803459 0.11119913 0.         0.16368723 0.08801857 0.
  0.         0.14969714 0.01084783 0.16895707 0.         0.20840102
  0.32278252 0.15830075 0.17807663]
 [0.02235593 0.11603388 0.07599002 0.29934169 0.01033492 0.47589831
  0.03180374 0.03180374 0.08663395 0.         0.15910538 0.0389299
  0.15830075 0.33504714 0.07441947]
 [0.2543897  0.00869394 0.28180978 0.00802859 0.13081333 0.12989139
  0.33538047 0.45186773 0.37652261 0.068213   0.         0.24093345
  0.         0.14261008 0.25552658]]
 X1_train_sim_Cor 
[[1.74737526 1.80002258 1.96974215 1.91156522 1.86377363 1.79364506
  1.84076505 1.90540387 1.91345111 1.82579894 1.51200057 1.6719592
  1.67306999 1.66709814 1.67326037]
 [1.86626614 1.90730225 1.78912679 1.74052692 1.77113613 1.87422135
  1.74521636 1.94715417 1.72989219 1.72122317 1.96270119 1.68253927
  1.57829876 1.57796671 1.67144827]
 [1.95103829 1.86684483 1.715771   2.02492928 2.10861856 1.60254036
  2.10729929 1.89886066 1.75835599 1.54895285 1.71780865 1.95755173
  1.65730241 1.86143349 1.65917864]
 [1.43268117 1.72139873 1.74240694 1.4958871  1.70364921 1.79891731
  1.84805497 1.8613875  1.72638937 1.96783292 1.87769479 1.65196436
  1.67909538 1.69289662 1.46121981]
 [2.0067581  1.71985209 1.44562472 1.97645799 1.93790373 1.66977462
  1.87982767 1.54795291 1.70977124 1.8823164  2.01776959 1.66147711
  2.34276969 1.71238937 1.75382328]]
 X2_train_sim_Cor 

 
 
