
 
 List of mapped features 
 [2, 3, 5, 8, 10, 12]
 
 Match MSE for across trials and perm 
 X1_train 
[[0.52459301 0.37890996 0.6887967  0.63835095 0.5001721  0.88250725
  1.00164941 1.53477755 1.20099161 0.67283422 1.77241644 1.58730669
  1.23064299 1.51612883 1.55249747]
 [1.15842302 0.63860878 0.64504323 0.80773057 0.99934702 1.23327828
  1.1141177  1.22094586 1.26366593 1.18305517 1.31202779 1.26522177
  1.35027484 0.99432676 1.44650823]
 [0.30123703 0.28233652 0.13885175 0.25764879 0.70463381 0.63899972
  1.12001029 1.29773986 0.68196857 0.41939762 0.44059602 0.29729889
  0.62929544 0.99264005 0.9245935]
 [0.10236563 0.10972973 0.08062434 0.17000737 0.10473224 0.5226243
  0.27276002 0.39292077 0.25929313 0.51872139 0.43493813 0.15160389
  0.90095632 0.27264562 0.10937211]
 [0.10926978 0.16140906 0.21446058 0.15823607 0.17995955 0.48350449
  0.21620096 0.16626945 0.40593242 0.17729935 0.38373871 0.57007784
  0.29670039 0.68011581 0.31126548]
 [0.19143373 0.18625562 0.14503782 0.2828741  0.07011185 0.05822564
  0.05552668 0.0708672  0.05490589 0.20390575 0.10702715 0.36816616
  0.50544617 0.43611151 0.21613672]]
 X1_train_CL 
[[0.99802973 0.88902739 0.79108274 0.91540946 1.09397764 1.63299124
  1.24418026 1.28010653 1.14632505 1.13015983 0.97385572 1.37085978
  1.3200205  1.01971621 1.21641711]
 [1.03405148 0.84016096 0.82357128 0.99781162 0.94017861 0.98717956
  0.98571889 1.05659953 1.45565986 1.25980366 1.2133294  0.84458372
  1.22536184 1.481898   1.26461581]
 [0.50021955 0.42982228 0.44987827 0.3523006  0.5028224  0.80405233
  0.84687352 0.8407872  1.12360184 0.77269427 0.8689357  0.93910909
  0.97107045 0.77702258 1.07313862]
 [0.42942192 0.34618449 0.3589959  0.22106235 0.35781715 0.71767328
  0.5553576  0.3383383  0.9048318  0.40474085 0.0504786  0.42032168
  0.2444599  0.51799803 0.24206148]
 [0.65955986 0.56359157 0.63149415 0.37080145 0.69270062 0.39115098
  0.67672401 0.91603561 0.86588781 0.3606329  1.24501013 1.09068792
  0.82824152 0.92158607 1.34193245]
 [0.27492343 0.17339298 0.14271174 0.35088523 0.04817505 0.07380536
  0.05458528 0.10538624 0.07524086 0.05155572 0.05345169 0.04653319
  0.04230682 0.07521379 0.26980126]]
 X1_train_CL_Dec 
[[1.01766722 1.02591114 1.02437755 1.07400523 0.88678034 1.72051739
  1.59759358 1.48049249 1.62441373 1.43339371 1.792477   1.43804884
  1.58334582 1.59178905 1.59173346]
 [1.05824337 1.15697694 0.87280448 1.01650368 1.03370005 1.57869135
  1.67427828 1.36467728 1.51554309 1.43055309 1.18445112 0.85094651
  1.54012867 1.44653003 1.42997973]
 [0.77533129 0.82965401 0.7546913  0.75219236 0.69784191 1.54660899
  1.43397788 1.63783264 1.36585466 1.21921232 1.14096544 1.21295991
  1.0784905  1.26592581 1.36496939]
 [0.48337056 0.56416867 0.8192559  0.60681219 0.78485922 1.35206218
  1.06534429 1.05062057 1.32253122 1.5388082  0.91361254 1.28961192
  1.1542048  0.74396186 0.75255318]
 [0.65795939 0.94677869 0.4104842  0.58216646 0.71542813 1.37981184
  0.70996674 0.91111259 1.15379848 1.08590468 0.98453243 1.21165051
  0.61136349 1.4104875  1.55028479]
 [0.45847101 0.22723143 0.44726538 0.16743003 0.55012276 0.3174698
  0.50124555 0.9726705  0.50299948 0.62881828 0.68597877 0.26399957
  0.08227025 0.49614038 0.42067987]]
 X1_train_CL_Dec_KMFl 
[[0.55261363 0.32671315 0.31473783 0.58632976 0.20209832 0.63846329
  0.53959478 0.58485022 0.59566784 0.55036386 1.00431311 0.83392516
  0.56299147 0.75845452 0.98861685]
 [0.44234599 0.40957439 0.51299527 0.4027392  0.51191161 0.67357309
  0.61695647 0.37069399 0.65149397 0.42733523 0.2222777  0.32918578
  0.34818161 0.32723899 0.42271932]
 [0.17048907 0.14096699 0.21266547 0.15273753 0.21117535 0.05874932
  0.23470914 0.22794307 0.18340619 0.0972179  0.38664411 0.23455956
  0.3017804  0.3585222  0.30495855]
 [0.09402192 0.10072521 0.1579453  0.10386151 0.03517978 0.32127427
  0.27400807 0.27323475 0.32033101 0.26032173 0.03149332 0.03488195
  0.03960843 0.08528232 0.06705808]
 [0.11522107 0.12094602 0.13745235 0.12550853 0.12645115 0.27423749
  0.29295206 0.1502494  0.24640008 0.29627136 0.07520356 0.40194409
  0.07461826 0.08496872 0.04871383]
 [0.13930638 0.14371065 0.12034649 0.12113013 0.14508131 0.04523638
  0.04979543 0.04587871 0.03283307 0.04425767 0.05878484 0.05634277
  0.06727059 0.04616575 0.04298087]]
 X1_train_CL_Dec_KMFen 
[[0.34419547 0.35216277 0.32216682 0.34689495 0.32957463 1.19416681
  0.93329996 0.95626035 1.03083815 0.9398056  0.5050548  0.36204291
  0.14054381 0.58332772 0.12979082]
 [0.57726694 0.55789498 0.5316511  0.48666129 0.43602666 0.407358
  0.76039039 0.64796669 0.62942351 0.28713381 0.18574816 0.24308614
  0.26326046 0.25121152 0.55753519]
 [0.23975644 0.10501746 0.21159735 0.10896522 0.14434663 0.06107726
  0.06658083 0.05178823 0.04511507 0.05074384 0.14960074 0.21002442
  0.16508488 0.21389932 0.1460097]
 [0.15035767 0.11825781 0.11173146 0.09864909 0.10969836 0.24493808
  0.23992698 0.23189999 0.2456812  0.21629287 0.11170933 0.06146863
  0.07020812 0.08738115 0.07857514]
 [0.19630191 0.20322688 0.18632963 0.18555447 0.28292053 0.37184222
  0.43868096 0.38432906 0.27037896 0.38330745 0.06833692 0.27885582
  0.08826058 0.12158738 0.12676381]
 [0.11344265 0.12112962 0.10550551 0.11034295 0.06892101 0.02777884
  0.05428527 0.03503658 0.06040314 0.03981505 0.07118188 0.06427982
  0.07477316 0.07201826 0.04881125]]
 X1_train_KANG 
[[0.91828412 1.00066065 0.92993967 1.11788439 0.90377602 1.31440975
  1.04026409 0.95122804 1.03440659 1.2199801  1.29640069 1.04433356
  1.47426388 1.14385212 1.29431444]
 [0.96400064 0.79850541 0.69743695 0.88345435 0.78496268 1.16161131
  1.05435725 0.71715319 1.05561496 0.83669673 1.22756539 1.45041056
  1.20804788 1.30818965 0.84745265]
 [1.01543367 1.21332329 0.53797637 0.84533566 0.6085392  1.26084299
  0.88015446 1.05557634 0.92044897 1.36742393 1.38705741 1.14388507
  1.23093614 1.01040734 0.9787224]
 [0.68455604 1.05929907 0.80099608 0.5818499  1.01127924 1.03738944
  1.27224071 0.88191677 0.88258162 0.86064507 0.74424529 1.04586014
  1.43268876 0.98656653 1.02880616]
 [0.8593822  0.97687228 0.60380939 0.98998049 0.80180379 0.81089891
  0.76985522 0.76631036 0.64427917 1.04231846 1.28276167 1.20165081
  1.18116696 0.90482259 1.0157168]
 [0.59204049 0.74023343 0.64345967 0.39333009 0.67912741 1.0093462
  0.33960638 0.91779329 0.88177557 1.0319286  0.47643704 0.65955991
  0.68054312 0.80273398 0.83396634]]
 X1_train_RG 
[[1.1718033  1.31058485 1.35029386 1.32584646 1.33605014 1.83178211
  1.67197968 1.83913539 1.74158042 1.87967807 1.6446452  1.62821713
  1.61418742 1.74730852 1.83294558]
 [1.28883901 1.31145766 1.34908883 1.41143207 1.46742265 1.68244826
  1.53595113 1.52893091 1.75306205 1.38336768 1.74114187 1.7625785
  1.67210185 1.73003766 1.84295189]
 [1.2694878  1.1589377  1.29184589 1.36524001 1.25934413 1.81281274
  1.90919531 1.83526591 1.89388145 1.74964646 1.75045136 1.62127869
  1.8529165  1.8703503  1.735798]
 [1.29652004 1.35100976 1.35724911 1.35734122 1.30591607 1.90808134
  1.92711476 1.73521204 1.79814052 1.73835115 1.75566318 1.78509409
  1.72075227 1.83560773 1.64476032]
 [1.31666806 1.29518889 1.35544741 1.25333335 1.23633333 1.93361205
  1.54606492 2.02422671 1.71747043 1.7914795  1.70151223 1.85263774
  1.8744771  1.60546459 1.69027407]
 [1.39374624 1.33515825 1.29701481 1.43577244 1.44962561 1.89855651
  1.65368932 1.75160849 1.74574587 1.84721391 1.88773621 1.86363134
  1.67870837 1.72054635 1.79120747]]
 X1_train_sim_Cor 
[[1.34669822 1.41835704 1.36089497 1.4315823  1.42286951 1.78892407
  1.81443349 1.86879893 1.71407255 1.79016016 1.8913963  1.81456711
  1.76201527 1.68188904 1.90395571]
 [1.4727948  1.40443796 1.43319868 1.39339424 1.31343504 1.87113087
  1.64118852 1.8643514  1.80378214 1.59420055 1.68419064 1.70357413
  1.74349425 1.86958628 1.88080167]
 [1.31865487 1.36568068 1.32113259 1.380442   1.36427711 1.70774701
  1.93065614 1.82422276 1.91950223 1.77858431 1.93503332 1.85820883
  1.77813568 1.74460809 1.83811022]
 [1.30367132 1.35069336 1.40068263 1.43628059 1.37317097 1.7615761
  1.67510836 1.83633402 1.84399837 1.99154551 1.86484439 1.894179
  1.74008207 1.77674385 1.73960216]
 [1.38856597 1.3056476  1.33293992 1.46853289 1.33190648 2.02908332
  1.98150693 2.03830853 1.9109573  1.94650869 1.73168569 1.9262729
  1.94714244 1.8033055  1.79823914]
 [1.29904583 1.4383079  1.5012594  1.42770977 1.30025774 1.78566204
  1.83655696 1.76871861 1.88598041 1.67562438 1.90429351 1.86458244
  1.746151   1.74577145 1.70647614]]
 X2_train_sim_Cor 

 
 
