
 
 List of mapped features 
 [2, 3, 5, 8, 10, 12]
 
 Match MSE for across trials and perm 
 X1_train 
[[0.47244444 0.27733333 0.33911111 0.24422222 0.16422222 0.16044444
  0.42444444 0.21977778 0.25422222 0.03622222 0.18266667 0.34488889
  0.46022222 0.39822222 0.42755556]
 [0.20047059 0.16823529 0.10964706 0.19529412 0.19458824 0.23082353
  0.34823529 0.38047059 0.11976471 0.09882353 0.23741176 0.35341176
  0.44117647 0.35176471 0.23858824]
 [0.06346667 0.         0.03866667 0.06346667 0.         0.11946667
  0.04346667 0.11946667 0.         0.04346667 0.         0.
  0.         0.10213333 0.]
 [0.         0.         0.         0.         0.         0.
  0.         0.         0.         0.         0.         0.066
  0.         0.14866667 0.]
 [0.         0.         0.         0.         0.         0.
  0.         0.         0.         0.         0.         0.
  0.         0.         0.0884]
 [0.         0.         0.         0.         0.0595     0.
  0.         0.         0.         0.         0.         0.
  0.         0.         0.]]
 X1_train_CL 
[[0.26644444 0.11955556 0.29622222 0.48911111 0.40222222 0.35222222
  0.41666667 0.39066667 0.32577778 0.36244444 0.42466667 0.41866667
  0.38266667 0.43022222 0.48088889]
 [0.34964706 0.28823529 0.39035294 0.13529412 0.29105882 0.20447059
  0.21670588 0.30682353 0.28376471 0.         0.38164706 0.42752941
  0.25411765 0.13058824 0.44305882]
 [0.05573333 0.         0.06346667 0.06346667 0.236      0.17786667
  0.31546667 0.34773333 0.3264     0.10346667 0.18853333 0.06346667
  0.05546667 0.36826667 0.1416]
 [0.18033333 0.37266667 0.08366667 0.         0.08633333 0.
  0.06466667 0.167      0.15233333 0.06833333 0.08166667 0.24233333
  0.06733333 0.077      0.07166667]
 [0.0772     0.         0.0836     0.1308     0.         0.
  0.0672     0.0672     0.         0.         0.0724     0.
  0.         0.         0.]
 [0.         0.         0.098      0.         0.0595     0.
  0.         0.126      0.1265     0.126      0.2085     0.
  0.         0.091      0.108]]
 X1_train_CL_Dec 
[[0.35066667 0.432      0.32822222 0.43711111 0.31444444 0.42644444
  0.28911111 0.32888889 0.372      0.55711111 0.53266667 0.428
  0.28866667 0.57755556 0.244]
 [0.41058824 0.35458824 0.08       0.44941176 0.44282353 0.40070588
  0.33011765 0.26117647 0.04588235 0.20658824 0.33129412 0.53176471
  0.55576471 0.30070588 0.43482353]
 [0.17786667 0.05146667 0.15946667 0.3224     0.32213333 0.172
  0.112      0.45306667 0.40746667 0.         0.4752     0.10586667
  0.264      0.13146667 0.05813333]
 [0.38366667 0.066      0.182      0.39133333 0.06866667 0.40266667
  0.26466667 0.06833333 0.         0.         0.192      0.40066667
  0.26433333 0.13633333 0.]
 [0.2564     0.1312     0.3376     0.2288     0.096      0.0672
  0.         0.3632     0.2684     0.         0.3128     0.0588
  0.3816     0.1888     0.3556]
 [0.295      0.103      0.0595     0.2825     0.128      0.
  0.         0.187      0.1235     0.318      0.         0.1015
  0.         0.209      0.283]]
 X1_train_CL_Dec_KMFl 
[[0.20177778 0.27044444 0.27       0.414      0.13133333 0.352
  0.368      0.20733333 0.24377778 0.42577778 0.43488889 0.34111111
  0.13844444 0.46955556 0.24488889]
 [0.316      0.13647059 0.12894118 0.20823529 0.30941176 0.1
  0.19976471 0.15882353 0.05929412 0.23764706 0.07647059 0.48588235
  0.47152941 0.10870588 0.44164706]
 [0.         0.         0.         0.1008     0.06693333 0.0672
  0.         0.25066667 0.11946667 0.05253333 0.2256     0.
  0.06453333 0.1248     0.04453333]
 [0.         0.         0.         0.074      0.         0.08866667
  0.         0.         0.         0.         0.         0.08666667
  0.         0.         0.]
 [0.0872     0.         0.         0.         0.         0.
  0.         0.         0.         0.         0.1064     0.
  0.1064     0.1064     0.1064]
 [0.0595     0.         0.         0.         0.         0.
  0.         0.         0.         0.         0.         0.
  0.         0.         0.]]
 X1_train_CL_Dec_KMFen 
[[0.20088889 0.28311111 0.20155556 0.32866667 0.26666667 0.41333333
  0.37911111 0.24844444 0.26466667 0.43622222 0.48266667 0.39933333
  0.26222222 0.49866667 0.25755556]
 [0.32611765 0.216      0.         0.25694118 0.33952941 0.18352941
  0.17505882 0.156      0.08517647 0.24870588 0.17129412 0.5
  0.48729412 0.17152941 0.44988235]
 [0.13146667 0.06186667 0.05493333 0.06693333 0.1344     0.07733333
  0.16426667 0.1608     0.10693333 0.05466667 0.33173333 0.05386667
  0.10426667 0.148      0.02933333]
 [0.         0.103      0.06533333 0.24933333 0.         0.14533333
  0.15433333 0.         0.         0.         0.         0.15466667
  0.08666667 0.         0.]
 [0.0872     0.         0.1552     0.         0.096      0.
  0.         0.0672     0.         0.         0.1064     0.1316
  0.1704     0.1372     0.2652]
 [0.0595     0.         0.099      0.099      0.128      0.
  0.         0.093      0.         0.         0.0905     0.
  0.         0.311      0.2435]]
 X1_train_KANG 
[[0.         0.05288889 0.         0.         0.         0.
  0.         0.         0.10888889 0.         0.         0.47688889
  0.         0.29022222 0.05977778]
 [0.         0.         0.         0.         0.         0.
  0.         0.         0.         0.         0.         0.
  0.         0.         0.]
 [0.         0.         0.         0.         0.         0.
  0.         0.         0.         0.         0.         0.
  0.         0.         0.]
 [0.         0.         0.         0.         0.         0.
  0.         0.         0.         0.         0.         0.
  0.         0.         0.]
 [0.         0.         0.         0.         0.         0.
  0.         0.         0.         0.         0.         0.
  0.         0.         0.]
 [0.         0.         0.         0.         0.         0.
  0.         0.         0.         0.         0.         0.
  0.         0.         0.]]
 X1_train_RG 
[[0.52666667 0.48533333 0.44733333 0.52955556 0.51688889 0.42822222
  0.48044444 0.41244444 0.48866667 0.50466667 0.38866667 0.45733333
  0.47688889 0.49066667 0.472]
 [0.54188235 0.45411765 0.50541176 0.47011765 0.48117647 0.52141176
  0.472      0.47482353 0.53741176 0.536      0.47247059 0.49105882
  0.50094118 0.42094118 0.46658824]
 [0.43333333 0.46       0.51146667 0.41786667 0.4544     0.48026667
  0.43546667 0.40986667 0.46586667 0.5312     0.436      0.4608
  0.50186667 0.49546667 0.35386667]
 [0.515      0.43933333 0.43933333 0.54166667 0.499      0.55533333
  0.49866667 0.49066667 0.457      0.48733333 0.46766667 0.48133333
  0.52       0.45766667 0.45866667]
 [0.4224     0.3936     0.468      0.3844     0.4676     0.3928
  0.4784     0.4544     0.4776     0.5092     0.4156     0.5144
  0.4512     0.4036     0.3708]
 [0.42       0.457      0.486      0.4845     0.5575     0.35
  0.408      0.4905     0.2625     0.3785     0.3205     0.5805
  0.362      0.4285     0.46]]
 X1_train_sim_Cor 
[[0.506      0.469      0.45511111 0.40122222 0.54188889 0.44933333
  0.46811111 0.53044444 0.53466667 0.46055556 0.49144444 0.49344444
  0.517      0.47255556 0.46666667]
 [0.50329412 0.49788235 0.51023529 0.47035294 0.40376471 0.46741176
  0.48882353 0.42917647 0.42376471 0.50729412 0.51764706 0.49717647
  0.44541176 0.49447059 0.46811765]
 [0.38146667 0.42693333 0.4404     0.45653333 0.4788     0.4584
  0.47933333 0.4212     0.49586667 0.4292     0.4556     0.48626667
  0.40013333 0.47906667 0.52053333]
 [0.4895     0.45383333 0.50766667 0.39066667 0.44433333 0.4825
  0.50383333 0.44983333 0.496      0.48983333 0.51816667 0.464
  0.4915     0.48483333 0.4055]
 [0.4712     0.4586     0.4656     0.446      0.307      0.43
  0.5188     0.4356     0.481      0.4228     0.5142     0.499
  0.4926     0.4846     0.5074]
 [0.425      0.451      0.50575    0.31325    0.55825    0.441
  0.45725    0.461      0.38975    0.4545     0.545      0.40825
  0.45475    0.32825    0.42875]]
 X2_train_sim_Cor 

 
 
