
 
 List of mapped features 
 [15, 25, 35, 45, 64]
 
 Match MSE for across trials and perm 
 X1_train 
[[1.96592779 1.80912121 2.53695495 2.04428602 1.91477231 1.38972123
  1.75792168 1.19030655 1.62790669 1.87683597 1.74496639 1.69537248]
 [1.50838917 1.37001164 1.4229617  1.21471766 1.99386758 1.57175353
  1.02276772 1.86596097 1.46018289 1.97927775 1.56936194 1.44348861]
 [1.59808608 1.49529879 1.25912905 1.46071836 0.7916685  1.06776679
  1.15450103 1.21623286 1.43344705 1.19193791 1.49331816 1.33714274]
 [1.49861722 1.20909063 0.92896759 1.42142683 1.0901156  1.38687614
  1.11739977 1.17230332 1.42336538 1.53243476 1.70242227 1.47808658]
 [1.31213346 1.25033449 1.08140886 1.31374502 1.49854325 1.20317152
  1.050143   1.21569754 1.68881678 1.33880152 1.14859524 1.33508799]]
 X1_train_CL 
[[1.9916295  1.80345986 2.30697414 1.97023402 1.70421743 1.24865132
  1.09008983 1.33136762 1.7797302  2.03831156 2.51722425 2.28003664]
 [1.39302591 1.4385845  1.61564526 1.20151426 1.75057546 2.28868829
  1.96424341 1.58158984 1.71350938 1.74718343 1.62772273 2.13905218]
 [2.09279917 2.03896294 1.90108279 1.84384671 1.62213993 0.77550584
  1.43529059 1.50320902 2.27412724 1.48666442 1.62949715 2.03609188]
 [1.71391961 0.95720769 1.88183814 1.37850019 1.58450106 1.41356062
  1.3994986  1.46015551 1.81141034 2.17157631 1.72038041 1.97108706]
 [1.48396678 1.34820617 1.51508836 1.47740585 1.35193267 1.23753643
  1.35194835 1.15648235 1.54341019 1.35383013 1.48408496 1.76469509]]
 X1_train_CL_Dec 
[[2.16805982 1.55574134 2.21671366 2.11626502 1.76081655 1.2682572
  1.71004032 1.36410503 1.83640936 1.74551344 1.84971172 1.87692656]
 [1.27435279 1.29336246 1.06093636 1.4691821  1.29131136 1.18367877
  0.97204904 1.22896673 1.21873583 1.52860694 1.27684333 0.94571009]
 [1.20878628 1.54923553 1.30763479 1.53034199 0.75786437 1.09840779
  1.27707827 0.98720412 1.12314891 1.4609748  1.55022225 1.47138117]
 [1.12769292 1.66823556 1.14752564 0.98677287 1.34011893 1.27918262
  1.41412588 1.06199336 1.07887075 1.62110503 1.42971827 1.38482452]
 [1.13359773 1.10032706 1.04629594 1.17898322 1.00042095 0.92575974
  1.40322864 1.32401196 1.02029536 0.83646211 1.11784384 0.84936852]]
 X1_train_CL_Dec_KMFl 
[[1.91751505 1.16988194 2.14197356 1.93987957 1.20011746 0.86783533
  1.06060768 1.40949132 1.11536178 1.82850263 1.75242451 1.53566993]
 [0.57855815 0.85313883 1.09969123 0.92293924 0.78891131 0.98510481
  1.22702719 0.86108787 0.51916146 0.94420659 0.98715317 0.69073893]
 [1.2323286  0.51814436 0.86824057 0.62383493 0.54899197 0.72202502
  0.50705678 1.03782644 1.17081791 1.11029906 0.78902646 1.40255524]
 [1.04461703 1.34787625 0.78175299 0.94999313 0.82826718 0.78524037
  0.80929059 0.80351174 0.80321909 1.0729937  0.87257432 1.01526465]
 [0.62887196 0.38061017 0.4604665  0.77312229 0.75110479 0.69449093
  0.75331657 0.85478685 1.06955622 0.37900504 0.86009252 0.38381202]]
 X1_train_CL_Dec_KMFen 
[[1.96269633 1.42862038 1.72932725 1.94437217 1.36858174 1.07163639
  1.34927295 1.39508942 1.22689554 1.73335813 1.48547662 1.14362569]
 [0.96464517 0.84299067 0.95723809 0.88958996 0.99664498 1.30486791
  0.98019365 1.40175865 0.85304238 0.95562808 1.07370406 0.9127693]
 [1.23856537 0.931827   1.33253916 0.92707463 0.91962857 1.14261945
  1.08465574 0.95493008 0.93435967 1.24732859 1.13353932 1.13182915]
 [0.87683127 0.93910028 1.16915015 0.75487893 1.06996723 1.13765037
  1.05960187 1.00648511 0.90478906 1.30826194 1.0480992  1.41925407]
 [1.00366269 0.76001659 0.90186038 1.1972307  0.77642913 0.96310386
  1.01791216 1.05900056 1.38619395 0.66229082 0.89987607 1.11288823]]
 X1_train_KANG 
[[1.7915613  2.14134207 1.71227366 1.55552613 2.01474742 2.08486253
  2.26121642 1.54727427 1.44323388 1.89782316 1.84102122 2.25727793]
 [2.00672491 2.01710219 1.49208126 1.86142663 2.25673312 1.56720016
  2.4197253  1.87574608 1.74440583 1.63108314 1.91454021 2.31849723]
 [1.90900726 2.36084911 1.95820316 2.08471682 2.04408874 2.11789456
  2.32678343 1.55068662 1.95659959 1.73793058 2.02221925 2.30250896]
 [1.75818594 1.91672784 1.83565893 2.3317387  1.45841687 1.92300361
  2.16409893 1.84867929 1.59608575 1.86001556 1.59260531 2.01455249]
 [1.60774796 1.81314942 1.58254334 1.68310701 1.8389133  2.15090222
  1.48418564 1.95390054 1.71235114 2.61025096 2.0693502  2.23265939]]
 X1_train_sim_Cor 
[[1.87186254 1.87186254 1.87186254 1.87186254 1.38373005 1.38373005
  1.38373005 1.38373005 1.26350564 1.26350564 1.26350564 1.26350564]
 [1.24849102 1.24849102 1.24849102 1.24849102 1.64111579 1.64111579
  1.64111579 1.64111579 0.67978625 0.67978625 0.67978625 0.67978625]
 [1.25811341 1.25811341 1.25811341 1.25811341 0.89832977 0.89832977
  0.89832977 0.89832977 1.22657801 1.22657801 1.22657801 1.22657801]
 [0.95520749 0.95520749 0.95520749 0.95520749 0.98601793 0.98601793
  0.98601793 0.98601793 0.76952741 0.76952741 0.76952741 0.76952741]
 [1.06411043 1.06411043 1.06411043 1.06411043 1.06411043 1.06411043
  1.06411043 1.06411043 1.06411043 1.06411043 1.06411043 1.06411043]]
 X2_train_sim_Cor 

 
 
