
 
 List of mapped features 
 [2, 3, 5, 8, 10, 12]
 
 Match MSE for across trials and perm 
 X1_train 
[[1.24672987 1.11381164 0.97467271 0.24324938 0.2823694  0.73723448
  1.13163808 1.12397235 0.88345277 0.85595421 1.40432695 1.66581829
  1.23814338 1.63540539 1.64442847]
 [0.19906191 0.19906191 0.32155412 0.19906191 0.19906191 0.49097898
  0.         0.33158328 0.33158328 0.33158328 0.         0.23069532
  0.33372294 0.         0.18498796]
 [0.         0.44314869 0.         0.         0.         0.
  0.         0.         0.         0.         0.         0.20930342
  0.         0.         0.]
 [0.         0.         0.         0.         0.         0.
  0.         0.         0.         0.         0.         0.
  0.         0.         0.]
 [0.         0.         0.         0.         0.         0.
  0.         0.28284291 0.         0.         0.         0.
  0.         0.         0.]
 [0.         0.         0.         0.         0.         0.
  0.         0.         0.         0.         0.         0.
  0.         0.         0.]]
 X1_train_CL 
[[0.94275658 1.35609663 1.5084103  1.82748462 1.78461001 1.33402135
  1.48156931 0.93301215 1.48844825 1.28657341 1.6049995  1.57139602
  1.73402407 1.57404621 1.78709959]
 [1.53912028 1.49852006 1.32542861 1.36115951 1.11903429 1.39684285
  1.27054729 1.20209099 0.95373474 1.45745903 1.55436553 1.4374931
  0.84850152 1.4836556  1.26465564]
 [0.7513051  0.62498181 0.95044388 0.22296129 0.77662374 1.20913879
  0.98664765 0.         0.63466884 0.93595972 1.26609429 1.61494128
  1.04930186 1.35010141 1.10887138]
 [0.7197609  0.         0.32120337 0.27599474 0.6941251  0.77936394
  0.65845027 0.30739762 0.30588728 0.24720683 0.49489836 0.38791953
  0.30057283 0.38791953 0.]
 [0.33119369 0.47786437 0.47786437 0.34320112 0.         0.
  0.         0.         0.         0.         0.         0.74652704
  0.         0.93658935 0.]
 [0.         0.38523875 0.         0.         0.50303381 0.34129975
  0.34129975 0.68228164 0.         0.         0.         0.
  0.         0.         0.]]
 X1_train_CL_Dec 
[[1.59363595 1.70057352 1.83816503 1.42097452 1.83338292 1.80982809
  1.37223482 1.85908567 1.73591845 1.20868004 1.80128669 1.48132399
  1.16953759 1.36592008 1.3775059]
 [1.38364184 1.65600234 1.43928547 1.33956825 1.80652824 1.33437237
  1.22215261 1.1191123  1.37189425 1.50110659 1.44352873 1.42568996
  1.63953677 1.50390383 1.16490297]
 [1.29449982 1.16422151 0.62003651 1.12670851 1.00421099 1.25537404
  1.26482309 0.48954463 0.48099112 1.33205639 1.80093032 1.06998054
  1.51164381 1.32663292 1.58104711]
 [0.36267117 0.25707524 0.48478765 0.         0.32120337 0.82370021
  0.89837408 0.40325329 0.83064793 0.88439361 0.68472132 0.29165782
  0.         0.84856536 1.13457026]
 [0.60206901 0.         0.75384368 0.         0.         0.53894281
  0.52537117 0.         0.         0.3598867  0.2939355  0.37393194
  0.3268259  0.         0.37393194]
 [0.38523875 0.         0.46241085 0.38523875 0.38523875 0.57537008
  0.46761408 0.46761408 0.         0.         0.         0.
  0.         0.         0.]]
 X1_train_CL_Dec_KMFl 
[[0.52293559 1.33472982 1.12216601 1.33030776 1.30410024 1.13964202
  1.11310529 0.9416252  0.90224625 0.64954957 1.12751091 1.07757407
  0.86051709 1.37171547 1.12517018]
 [0.68329552 1.02879042 0.55264724 0.25474372 0.84158492 0.70768262
  0.43475313 0.63255433 0.86372391 1.07835396 0.41405773 0.55220974
  0.93541494 0.7520854  0.81325718]
 [0.20244215 0.         0.         0.         0.         0.
  0.         0.         0.20395964 0.         0.66129246 0.52794176
  0.25461945 0.48059039 0.66129246]
 [0.         0.         0.         0.         0.         0.
  0.         0.         0.         0.         0.         0.
  0.         0.         0.]
 [0.         0.         0.         0.         0.         0.
  0.         0.         0.         0.         0.         0.
  0.         0.         0.]
 [0.         0.         0.         0.         0.38523875 0.
  0.         0.         0.         0.         0.         0.
  0.         0.         0.]]
 X1_train_CL_Dec_KMFen 
[[0.44843104 0.44843104 0.61034621 0.44843104 0.544543   0.75244553
  0.77560369 0.62434144 0.81063172 0.67769063 0.87107754 0.84511527
  0.99307047 0.97607192 1.11103745]
 [0.08722336 0.39431896 0.08722336 0.22698818 0.51310188 0.
  0.28799515 0.19366033 0.60463765 0.         0.18498796 0.33441849
  0.5123959  0.33441849 0.18498796]
 [0.         0.         0.         0.         0.         0.
  0.         0.         0.         0.         0.         0.
  0.         0.21035249 0.]
 [0.         0.         0.         0.         0.         0.
  0.         0.31174272 0.         0.         0.         0.
  0.         0.         0.]
 [0.         0.         0.         0.         0.         0.
  0.         0.         0.         0.         0.         0.
  0.         0.         0.]
 [0.         0.         0.         0.         0.         0.
  0.         0.         0.         0.         0.         0.
  0.         0.         0.]]
 X1_train_KANG 
[[0.         0.         0.         0.         0.         0.
  0.         0.         0.         0.         1.79040283 0.26489705
  0.91369643 0.         0.]
 [0.69195235 0.         0.         0.         1.20419874 0.
  0.         0.         0.26738283 0.         0.         0.
  0.         0.         0.]
 [0.         0.         0.         0.         0.         0.
  0.         0.         0.         0.         1.0488509  0.
  0.         0.56511023 0.]
 [0.         0.         0.         0.         0.         0.
  0.         0.         0.         0.         0.         0.
  0.         0.         0.]
 [0.         0.         0.         0.         0.         0.
  0.         0.         0.         0.         0.         0.
  0.         0.         0.]
 [0.         0.         0.         0.         0.         0.
  0.         0.         0.         0.         0.         0.
  0.         0.         0.]]
 X1_train_RG 
[[2.0621097  1.92212543 1.79393317 1.9016472  1.98898423 1.81183486
  2.0016273  1.65540611 1.89939546 1.97168473 2.06867369 1.78079532
  1.90686329 1.93318698 1.88683184]
 [1.78488168 1.84819032 2.07550888 1.68293075 1.82776503 1.79474485
  1.87943002 1.89823151 1.97391213 1.93136164 1.77976506 2.01581569
  2.00281689 1.77488607 1.82847688]
 [1.97847739 1.91345125 1.64099348 1.9878141  1.53482124 1.45100193
  2.24092607 2.03260702 1.84491898 1.8095356  1.81220747 1.76286318
  2.26068009 1.84600143 1.79718201]
 [1.8627352  1.74423738 1.93020197 1.56811776 2.15024089 2.02044636
  1.61332136 2.06648727 1.75638366 1.55851087 1.95613383 1.9013212
  1.7797094  1.58832766 1.84734896]
 [1.40144607 1.85079953 1.47222421 1.94570735 1.53278902 1.52560556
  1.55792378 1.90251114 2.18207738 1.82068175 1.97369286 2.09850787
  1.90960108 1.89680562 1.74162466]
 [1.82028313 1.76991632 1.67629602 1.86709841 1.9394668  2.0749952
  2.09132336 1.96323495 1.61046131 1.49114111 2.32073704 1.72699318
  1.58593127 1.87673956 1.48783375]]
 X1_train_sim_Cor 
[[1.73457151 1.76286875 1.8783947  1.72520773 1.78178703 1.90722286
  1.78270928 2.0076301  2.15201132 2.20574886 1.83488734 1.80266424
  1.84859929 1.8886506  2.16400753]
 [1.6542483  1.66189431 2.0882516  2.06352681 1.66895835 2.00308328
  1.74925623 2.05602416 1.85083077 2.09418554 2.08005898 1.91651287
  1.82501933 1.99412946 2.04937057]
 [1.61360336 1.90983742 1.84139743 1.82373928 1.79079712 2.00817953
  1.85326334 1.65859354 1.98926744 2.02489506 1.99080002 1.74017264
  1.54932204 1.83468788 1.92226706]
 [2.0537884  1.99678873 2.18165688 1.45932981 1.7103954  2.19772893
  1.81810594 1.88664355 2.04925527 1.91347268 2.04927501 1.93481228
  1.81601115 2.12700566 1.55423676]
 [1.57568082 1.92270558 1.78137613 1.55296347 1.11722464 1.9813743
  1.76662395 1.68775555 1.88780854 1.85630925 1.97834513 2.20906534
  2.12155161 2.08300987 1.97546408]
 [1.84220614 1.60433404 1.92023551 1.41784384 1.99365727 1.32676764
  1.7239258  1.88261432 1.45320808 1.8680248  2.08799784 1.6287844
  2.09706183 1.05777399 1.6569691]]
 X2_train_sim_Cor 

 
 
