
 
 List of mapped features 
 [15, 25, 35, 45, 64]
 
 Recon  MSE for across trials and perm 
 X1_train 
[[1.24200559 1.2979424  1.26156878 1.20815825 1.24218524 1.28848255
  1.2578969  1.28011847 1.19824159 1.1978246  1.250669   1.26225924]
 [1.30483711 1.20236373 1.28758121 1.32809365 1.23634303 1.30506253
  1.22918653 1.25458848 1.20143425 1.25400877 1.24590874 1.23451447]
 [1.23479891 1.31999516 1.2496084  1.2870096  1.11386263 1.38329196
  1.35061014 1.38248694 1.26570356 1.30623031 1.34589624 1.29381323]
 [1.30071557 1.26905739 1.38903689 1.28676164 1.30537176 1.26472771
  1.29194975 1.36663723 1.34195495 1.27033806 1.262977   1.2501303]
 [1.29614747 1.31373882 1.25523663 1.27979529 1.35575962 1.28620613
  1.08583128 1.26222479 1.29754353 1.27228892 1.28585303 1.33248186]]
 X1_train_CL_Dec 
[[1.23650455 1.16532469 1.22284901 1.17865992 1.2153852  1.20647573
  1.21750808 1.06167483 1.21260059 1.23124504 1.26758111 1.30189145]
 [1.204216   1.32371485 1.30261064 1.24142087 1.25898039 1.03307617
  1.23357844 1.08958554 1.19777954 1.28695488 1.18938994 1.0644449]
 [1.49141121 1.26038539 1.28833938 1.26554358 1.39251614 1.3222717
  1.28516424 1.27499127 1.31555951 1.26956677 1.23760569 1.26243901]
 [1.28087759 1.27227306 1.23422444 1.26533854 1.27547002 1.2665633
  1.27499795 1.27464211 0.97761965 1.62739539 1.2891885  1.26392472]
 [1.2793411  1.22828901 1.04760146 1.40348566 1.0455637  0.93736905
  1.27905464 1.34763384 1.29661834 1.25062954 1.14249909 1.26948106]]
 X2_train_CL_Dec 

 
 
