
 
 List of features in larger database 
 [25, 30, 35, 40, 45]
 
 Recon  MSE for across trials and perm 
 X1_train 
[[       nan 1.17519331        nan        nan        nan 0.960361
         nan 0.92520386 1.36964512        nan        nan        nan
         nan        nan        nan]
 [       nan        nan        nan        nan        nan 1.35883474
  0.87869316        nan        nan 1.10236454 1.07514    1.10971689
  1.21850073 1.12194586 1.19631743]
 [0.96121925        nan 1.06087971        nan        nan 0.92796153
  1.36359859 1.37088525 1.31276524        nan 1.16545784 1.09900713
  1.20578468 0.98162055 1.01490843]
 [       nan        nan        nan 1.15115845        nan        nan
  1.42303169        nan 1.02384639        nan 1.04648805 1.09008157
  1.17108214 1.06413472 1.10128224]
 [       nan 1.19523621 1.18265581 1.34937263 0.91561943 0.87769651
  1.14295352 1.1942035         nan        nan 1.06262493 1.21519053
  1.11918628 1.44632459 1.12242854]]
 X1_train_CL_Dec 
[[       nan        nan        nan        nan        nan        nan
         nan        nan        nan        nan 1.09134936        nan
  1.47223651        nan 1.03808081]
 [0.76172304        nan 0.51168185        nan 0.60500693        nan
         nan        nan 0.96015137 0.79587972 0.92699307        nan
  1.19377935        nan        nan]
 [0.7450909  0.73811793        nan 0.7795912         nan        nan
  0.84392715        nan 0.84145939 0.79731023 1.02112532 0.99432033
  1.06455672 0.97088629 0.98501503]
 [0.77123326        nan        nan 0.64935243 0.67701608 0.83091903
  0.90824527        nan 0.78065932        nan 0.77476507 0.99429357
  0.93534356 0.91810137 0.9301002 ]
 [0.75990802 0.73934901 0.67787558 0.72638029 0.66265738 0.79447001
         nan 1.01734638 0.84776384 0.75106746 0.92435992 0.81001902
  0.87387824 0.90018427 0.8202768 ]]
 X2_train_CL_Dec 

 
 