
 
 List of mapped features 
 [2, 3, 5, 8, 10, 12]
 
 Recon  MSE for across trials and perm 
 X1_train 
[[0.81964493 0.74068028 1.65986454 0.71430331 0.8092466  0.78707856
  0.89517087 0.67267168 0.68156415 1.87732971 0.84384352 0.72107422
  0.6973139  0.79827464 0.7348268]
 [5.48006868 0.79531258 0.62981969 0.73779267 0.7877636  0.73124063
  0.76792264 2.43519759 0.71144253 0.9324584  0.71866828 0.7280553
  0.77579194 1.07629776 1.35450161]
 [0.76778638        nan 0.64938563 0.72722059        nan 0.70255661
  0.6711998  0.68270409        nan 0.81837541        nan        nan
         nan 0.71066648        nan]
 [       nan        nan        nan        nan        nan        nan
         nan        nan        nan        nan        nan 5.35401726
         nan 1.26024735        nan]
 [       nan        nan        nan        nan        nan        nan
         nan        nan        nan        nan        nan        nan
         nan        nan 4.97843981]
 [       nan        nan        nan        nan 0.59150404        nan
         nan        nan        nan        nan        nan        nan
         nan        nan        nan]]
 X1_train_CL_Dec 
[[0.2393752  0.26175582 0.27991983 0.28059217 0.26905969 0.2739104
  0.23119377 0.22195703 0.22925091 0.34926388 0.29388067 0.27845463
  0.23946948 0.28663749 0.22571495]
 [0.28964844 0.22821426 0.24460091 0.26794693 0.2846083  0.25627992
  0.25394648 0.21869352 0.18310462 0.27994087 0.22539859 0.28976551
  0.32584202 0.21683936 0.28023249]
 [0.25509888 0.177892   0.2162123  0.23162784 0.26635087 0.20992713
  0.24479482 0.33431441 0.32456273        nan 0.23523779 0.20201273
  0.31482977 0.23772396 0.21562316]
 [0.2637392  0.17140624 0.2161914  0.33627513 0.23584571 0.26151136
  0.31314361 0.18457545        nan        nan 0.24515899 0.29444456
  0.24278015 0.3109262         nan]
 [0.42246777 0.25437838 0.20250636 0.34470677 0.24848287 0.19335312
         nan 0.27351892 0.24016941        nan 0.22768173 0.35683101
  0.3293083  0.21305625 0.26374841]
 [0.19384244 0.22907734 0.13607788 0.30596212 0.17493869        nan
         nan 0.2402091  0.30899316 0.25761235        nan 0.18480685
         nan 0.24391872 0.30558157]]
 X2_train_CL_Dec 

 
 
