
 
 List of mapped features 
 [2, 3, 5, 8, 10, 12]
 
 Recon  MSE for across trials and perm 
 X1_train 
[[1.71722841 1.82654166 1.6325084  1.4641788  1.71674144 1.34411705
  1.17708099 1.31023169 1.32519972 1.27619433 1.51462555 1.48372662
  1.51013911 1.53206336 1.62117147]
 [1.35976911 1.39627743 1.47222531 1.40925217 1.38695264 1.27595496
  1.23098755 1.18512154 1.14816034 1.44027483 1.1102798  1.21715617
  1.45186937 1.29411507 1.45451474]
 [1.35640192 1.39478898 1.55350471 1.4510144  1.38550532 1.1576649
  1.20890749 1.12370086 1.24407291 1.137218   1.22830033 1.26861608
  1.45435131 1.19742906 1.43701911]
 [1.39979148 1.37938106 1.40258431 1.35322714 1.51367283 1.26139879
  1.12772977 1.04035985 1.31603074 1.24485731 1.2841233  1.32539177
  1.28235269 1.26693296 1.60045278]
 [1.21766376 1.29777896 1.28884578 1.13539088 1.43671107 1.05874634
  1.3712095  1.25605845 1.19833493 1.25207126 1.15409064 1.38058388
  1.5883317  1.26262033 1.30153239]
 [1.72572076 1.39829719 1.27358353 1.34157324 1.31202996 1.11751759
  1.1505605  1.29531991 1.39580309 1.14689732 1.27613163 1.22852755
  1.21052158 1.41866183 1.26557243]]
 X1_train_CL_Dec 
[[0.78981113 0.93983847 0.79793829 0.61570811 0.85417324 0.70464188
  0.73816514 0.74767053 0.69318277 0.71844256 0.77222139 0.60671413
  0.78467143 0.75720048 0.743725]
 [0.77262169 0.57087797 0.65297538 0.69963443 0.7273072  0.58900386
  0.55685532 0.6004498  0.78487796 0.59351063 0.83942771 0.58534139
  0.72013426 0.87574911 0.76038557]
 [0.74992698 0.76258546 0.38657919 0.38705951 0.72818893 0.66110384
  0.49052703 0.56208026 0.53369337 0.70489877 0.39362147 0.60614723
  0.40891147 0.42118376 0.59497178]
 [0.50237572 0.31520683 0.32374641 0.41162473 0.4528766  0.34141099
  0.49892697 0.27255338 0.3182137  0.30362841 0.64605063 0.48774475
  0.54541206 0.53791583 0.37122825]
 [0.5392195  0.33105981 0.34018078 0.33333388 0.32002458 0.29582745
  0.42106706 0.44156823 0.46620607 0.24996136 0.3436459  0.34066829
  0.39908019 0.3909938  0.57662469]
 [0.22674617 0.39227527 0.24088883 0.33019426 0.31941822 0.40833673
  0.27028966 0.24243131 0.25058705 0.26343232 0.29454237 0.29719946
  0.26523674 0.73795199 0.2432089]]
 X2_train_CL_Dec 

 
 
