
 
 List of features in larger database 
 [35, 40, 45, 50, 55]
 
 Recon  MSE for across trials and perm 
 X1_train 
[[1.5491854  1.09924281 1.39567697 1.37492657 1.60241103 1.23376083
  1.03163493 1.2908988  1.19249809 1.1966089  1.36558771 0.83473706
  1.08631563 0.99547589 1.11774838]
 [1.39230347 1.47455096 1.08886278 1.53725255 1.33215737 1.41544306
  1.28578949 1.39530611 1.34061205 1.47789216 1.75878096 1.15230906
  1.2712965  0.78876758 1.23970163]
 [1.34529746 1.30721045 1.11474669 1.44100988 1.31035471 1.0214082
  1.33728433 1.05373132 1.10492837 1.36028349 1.11370647 0.94259238
  1.53588629 1.13599503 1.55458093]
 [1.06736231 1.70975685 1.16291058 1.48391616 1.41013551 0.93803716
  1.44280648 1.38771605 1.11065865 1.30867481 1.23285794 0.87038141
  1.54013968 1.22371686 1.52875447]
 [1.04507792 1.39016473 1.53745329 1.40685213 1.34247375 1.09045863
  1.25166512 1.49285734 1.24299943 1.11276197 1.58351243 1.04987979
  1.13874269 1.31082869 1.38732958]]
 X1_train_CL_Dec 
[[0.89578152 0.6153546  0.6958223  0.53540474 0.83797395 0.56136501
  0.6284346  0.72322798 0.4529925  0.69232631 1.00355852 0.77566797
  0.70057791 0.8597458  0.80843192]
 [0.72473615 0.69187009 0.52452433 0.69121683 0.57105935 0.45760649
  0.55569965 0.39981768 0.29065111 0.4075228  0.51366144 0.75285894
  0.62433928 0.65838879 0.68454754]
 [0.70539844 0.66569436 0.69581765 0.78438568 0.69976813 0.40026841
  0.44830996 0.55176401 0.5177235  0.54117709 0.78803486 0.83155727
  0.74270016 0.53846294 0.71039182]
 [0.59007347 0.52311891 0.44305593 0.51531583 0.55964613 0.39141691
  0.46449199 0.55434525 0.63115305 0.54341143 0.46506277 0.57789636
  0.5923574  0.61121649 0.51066041]
 [0.46830121 0.35311022 0.50155264 0.50119901 0.46625635 0.43438947
  0.61175513 0.61638516 0.49700066 0.4580453  0.5788902  0.54504943
  0.35707477 0.75504076 0.60679102]]
 X2_train_CL_Dec 

 
 