
 
 List of features in larger database 
 [35, 40, 45, 50, 55]
 
 Recon  MSE for across trials and perm 
 X1_train 
[[0.87324941 0.79617238 0.81038219 0.80214    0.80784601 1.23736429
  0.94246221 1.10388231 1.19260621 1.13531744 1.39643276 1.23910117
  1.12398636 1.31353271 1.2757144]
 [0.82116997 0.99672604 0.87044239 0.87984526 0.93090618 1.05498374
  1.11266947 1.09907985 1.15058517 1.20046735 1.11733663 1.15784788
  1.16236305 1.21548557 1.11231601]
 [0.83248067 0.94318634 0.82403827 0.84115893 0.86364377 1.00512004
  1.11508799 1.12456036 1.13302922 1.12438393 1.0517031  1.25437272
  1.18034554 1.20954728 1.26103771]
 [0.84462148 0.9910199  0.93982303 0.93847078 0.89825028 1.08495426
  1.06433618 1.07298362 1.11512148 1.04483676 1.25703907 1.28220248
  1.22480893 1.15538752 1.18779826]
 [0.8573398  0.85127872 0.83100384 0.94268215 0.90557593 1.11920428
  1.14110446 1.10273457 1.05524015 1.1126622  1.18680656 1.15814197
  1.08700824 1.21741414 1.21174037]]
 X1_train_CL_Dec 
[[1.10946059 1.02697158 1.03248525 0.98164827 0.94259518 1.18259287
  1.15329611 1.22651136 1.08181691 1.36940575 1.40379167 1.25623333
  1.36590493 1.88226306 1.14438176]
 [0.73519921 0.93174797 0.90847027 1.04047513 0.95016998 0.79338235
  1.35561788 0.97179717 1.14447522 1.05713975 1.45301878 1.36012077
  1.23945081 1.2178961  1.27358854]
 [0.81682158 1.06633103 0.75248396 1.17357433 0.75559527 1.17415702
  1.12400568 0.99333662 0.883035   0.90832782 1.26194024 1.07681894
  1.10212111 1.22237813 1.46682465]
 [0.67027009 0.88596165 0.80677438 1.11548018 0.8942306  1.13110387
  1.08268702 1.1837523  0.91688818 0.97212708 1.38478899 1.14698803
  1.25272572 1.52498364 1.073789]
 [1.06802583 0.84432602 1.09501946 0.86083007 1.02135026 0.91766942
  0.96951157 0.93289477 0.93856484 1.05607319 1.34736454 1.20003176
  1.1340971  1.10292459 1.32741559]]
 X2_train_CL_Dec 

 
 
