
 
 List of mapped features 
 [2, 3, 5, 8, 10, 12]
 
 Recon  MSE for across trials and perm 
 X1_train 
[[0.9624905  0.85093951 0.97689974 1.00930178 1.03561926 1.12015796
  0.9954682  1.2060684  1.57607937 1.09441423 1.15657747 1.36776495
  1.10921812 1.2918328  1.33430099]
 [1.51760602 1.58195972 1.49764347 0.89787823 0.90477508 1.23114061
  1.24554646 1.23720992 1.27197361 1.30996013 1.0971514  1.24218106
  1.30411351 1.25628972 1.29238558]
 [0.80884796 0.80931544 0.85105783 0.80925596 0.84662515 1.18665588
  1.12404108 1.12995946 1.10838306 1.19394279 1.13466763 1.20581853
  1.17574847 1.13876712 1.10718477]
 [0.73304862 0.76395607 0.82727402 0.8654111  0.81004369 1.15622854
  1.15500808 1.12981975 1.08325803 1.18651664 1.02670622 1.22375548
  1.08956814 1.2161994  0.94439048]
 [0.78420597 0.83063257 0.76457298 0.80034524 0.89221472 1.30877781
  1.13694954 1.14380753 1.15328741 1.25070262 1.14194584 1.15317488
  1.22241938 1.14660525 1.21878266]
 [0.94098616 0.87858778 0.85061204 0.99362355 0.86777365 1.06395578
  1.19147933 1.14147723 1.12732422 1.19992208 1.06942689 1.23402679
  1.21548724 1.28889775 1.18053997]]
 X1_train_CL_Dec 
[[0.84347486 1.75482368 0.85152441 1.19371152 0.69351172 1.49040556
  1.23536098 1.40215826 1.27212799 1.35402882 1.39072442 1.19633758
  1.41025913 1.05359626 1.28252017]
 [1.20244133 1.18987095 1.19791973 1.03258181 1.10737205 1.34978294
  1.31077278 1.0736773  1.10303903 1.24117076 1.30096769 0.98630273
  0.98786938 1.13902462 1.19057918]
 [0.76229012 0.7699272  0.95778435 0.8594377  0.7584734  1.32891762
  1.29377985 1.23555779 1.1389761  1.45614398 1.13405013 1.11129129
  1.01622355 1.2111274  1.32672668]
 [0.54340124 0.59829152 0.89241952 0.98092741 1.00739586 1.06830454
  1.00771391 0.88151479 1.0836345  1.00514531 1.00855041 0.8667292
  0.9118138  0.95176822 0.79162008]
 [0.93486172 0.70421243 0.52158463 0.57376343 0.80878735 1.22299588
  1.33397329 1.40542245 1.11154664 1.24118817 1.18198764 1.06599534
  1.12997389 1.08143926 1.1535213]
 [0.60802728 0.27163842 0.56432319 0.38711745 0.45555764 0.65446991
  0.62318808 0.91300994 0.84343517 0.64860356 0.87793517 0.62851292
  0.56530124 0.77429712 0.86438155]]
 X2_train_CL_Dec 

 
 
