
 
 List of mapped features 
 [2, 3, 5, 8, 10, 12]
 
 Recon  MSE for across trials and perm 
 X1_train 
[[1.04967725 1.07734108 1.16818464 1.05121958 1.04223299 0.996898
  1.12355494 1.01644111 1.12110019 1.15652585 1.09964299 1.37912178
  1.39272237 1.42840612 1.11831272]
 [1.15154922 1.10837162 1.00266206 1.09661996 1.11136782 1.2485894
         nan 0.94555146 0.89114898 0.87939763        nan 0.88412088
  1.07831717        nan 0.79558814]
 [       nan 1.51832104        nan        nan        nan        nan
         nan        nan        nan        nan        nan 1.08888316
         nan        nan        nan]
 [       nan        nan        nan        nan        nan        nan
         nan        nan        nan        nan        nan        nan
         nan        nan        nan]
 [       nan        nan        nan        nan        nan        nan
         nan 1.90003562        nan        nan        nan        nan
         nan        nan        nan]
 [       nan        nan        nan        nan        nan        nan
         nan        nan        nan        nan        nan        nan
         nan        nan        nan]]
 X1_train_CL_Dec 
[[1.4293797  1.22670889 1.61061478 1.46934056 1.58502746 1.43462873
  1.58432198 1.34969008 1.41105247 1.44007182 1.36887038 1.54938912
  1.43250978 1.47823632 1.28615928]
 [1.36589289 1.45058942 1.28439724 1.14168751 1.3027842  1.69945872
  1.301826   1.36453581 1.21869683 1.70964515 1.52502954 1.46316767
  1.60819995 1.26123011 1.30887866]
 [1.33710718 1.27562523 0.915012   1.28311455 1.31100905 1.26177561
  1.50707889 1.49608541 1.38934696 1.44923007 1.35705304 1.64762998
  1.67218482 1.30025196 1.7259326]
 [1.26715612 1.48977399 2.03260422        nan 1.75688457 1.96890497
  1.18466485 0.97406083 1.66840661 1.3822093  1.37469661 1.0884527
         nan 1.83351612 1.13597643]
 [1.200899          nan 1.45854127        nan        nan 1.21112061
  0.96782923        nan        nan 0.75265628 2.70281863 1.27381229
  1.00948203        nan 1.6388514]
 [1.86057842        nan 1.81576788 1.2050494  0.91742343 1.87560964
  1.01362324 1.57990754        nan        nan        nan        nan
         nan        nan        nan]]
 X2_train_CL_Dec 

 
 
